# For publication of results, please cite:
# ...
# ... Michael Schantz Klausen, Martin Closter Jespersen, Henrik Nielsen, Kamilla Kjærgaard Jensen, 
# ... Vanessa Isabell Jurtz, Casper Kaae Sønderby, Morten Otto Alexander Sommer, Ole Winther, 
# ... Morten Nielsen, Bent Petersen, and Paolo Marcatili. 
# ... NetSurfP-2.0: Improved prediction of protein structural features by integrated deep learning.
# ... Proteins: Structure, Function, and Bioinformatics (Feb. 2019).
# ... https://doi.org/10.1002/prot.25674
# ...
#
# Column 1: Class assignment - B for buried or E for Exposed - Threshold: 25% exposure, but not based on RSA
# Column 2: Amino acid
# Column 3: Sequence name
# Column 4: Amino acid number
# Column 5: Relative Surface Accessibility - RSA
# Column 6: Absolute Surface Accessibility
# Column 7: Not used
# Column 8: Probability for Alpha-Helix
# Column 9: Probability for Beta-strand
# Column 10: Probability for Coil
E M  NP_001138574.1         1    0.671 134.325   0.000   0.001   0.001   0.998
E E  NP_001138574.1         2    0.806 140.891   0.000   0.015   0.028   0.957
E L  NP_001138574.1         3    0.498  91.245   0.000   0.054   0.181   0.765
B C  NP_001138574.1         4    0.152  21.346   0.000   0.058   0.135   0.807
E E  NP_001138574.1         5    0.584 102.050   0.000   0.090   0.075   0.835
E F  NP_001138574.1         6    0.333  66.813   0.000   0.090   0.118   0.792
B A  NP_001138574.1         7    0.212  23.367   0.000   0.179   0.049   0.771
B F  NP_001138574.1         8    0.230  46.236   0.000   0.144   0.050   0.807
E N  NP_001138574.1         9    0.550  80.473   0.000   0.080   0.049   0.871
E M  NP_001138574.1        10    0.399  79.792   0.000   0.055   0.016   0.929
E K  NP_001138574.1        11    0.758 155.907   0.000   0.009   0.006   0.985
E K  NP_001138574.1        12    0.523 107.558   0.000   0.020   0.024   0.956
E D  NP_001138574.1        13    0.691  99.504   0.000   0.019   0.024   0.957
E E  NP_001138574.1        14    0.356  62.158   0.000   0.017   0.475   0.508
B V  NP_001138574.1        15    0.086  13.233   0.000   0.002   0.808   0.190
B C  NP_001138574.1        16    0.077  10.776   0.000   0.001   0.840   0.158
B V  NP_001138574.1        17    0.051   7.843   0.000   0.001   0.770   0.229
B N  NP_001138574.1        18    0.108  15.880   0.000   0.001   0.186   0.813
B P  NP_001138574.1        19    0.124  17.634   0.000   0.291   0.039   0.670
E Y  NP_001138574.1        20    0.363  77.516   0.000   0.215   0.044   0.740
E H  NP_001138574.1        21    0.301  54.825   0.000   0.262   0.091   0.648
B Y  NP_001138574.1        22    0.131  27.972   0.000   0.004   0.473   0.523
E Q  NP_001138574.1        23    0.573 102.297   0.000   0.001   0.828   0.171
E R  NP_001138574.1        24    0.460 105.410   0.000   0.001   0.905   0.095
E V  NP_001138574.1        25    0.305  46.920   0.000   0.002   0.366   0.632
E E  NP_001138574.1        26    0.683 119.348   0.000   0.002   0.269   0.730
E T  NP_001138574.1        27    0.471  65.385   0.000   0.001   0.066   0.933
E P  NP_001138574.1        28    0.632  89.670   0.000   0.001   0.024   0.975
E V  NP_001138574.1        29    0.549  84.364   0.000   0.001   0.025   0.974
E L  NP_001138574.1        30    0.317  57.985   0.000   0.001   0.062   0.938
E P  NP_001138574.1        31    0.420  59.641   0.000   0.000   0.006   0.994
E P  NP_001138574.1        32    0.313  44.353   0.000   0.002   0.033   0.965
B V  NP_001138574.1        33    0.250  38.409   0.000   0.006   0.545   0.449
E L  NP_001138574.1        34    0.292  53.421   0.000   0.003   0.648   0.349
B V  NP_001138574.1        35    0.159  24.498   0.000   0.001   0.480   0.519
E P  NP_001138574.1        36    0.319  45.271   0.000   0.003   0.332   0.665
E R  NP_001138574.1        37    0.374  85.724   0.000   0.010   0.069   0.922
E H  NP_001138574.1        38    0.525  95.461   0.000   0.023   0.053   0.924
E T  NP_001138574.1        39    0.388  53.846   0.000   0.067   0.034   0.899
E E  NP_001138574.1        40    0.687 119.969   0.000   0.036   0.022   0.942
E I  NP_001138574.1        41    0.362  66.918   0.000   0.008   0.014   0.978
E P  NP_001138574.1        42    0.460  65.220   0.000   0.028   0.004   0.968
E A  NP_001138574.1        43    0.740  81.522   0.000   0.103   0.005   0.892
E E  NP_001138574.1        44    0.723 126.321   0.000   0.073   0.009   0.918
E F  NP_001138574.1        45    0.313  62.903   0.000   0.008   0.014   0.978
E P  NP_001138574.1        46    0.483  68.488   0.000   0.008   0.002   0.990
E P  NP_001138574.1        47    0.540  76.649   0.000   0.034   0.015   0.951
E L  NP_001138574.1        48    0.451  82.645   0.000   0.139   0.014   0.847
E D  NP_001138574.1        49    0.753 108.488   0.000   0.152   0.005   0.843
E D  NP_001138574.1        50    0.674  97.121   0.000   0.192   0.005   0.802
E Y  NP_001138574.1        51    0.421  90.023   0.000   0.110   0.011   0.879
E S  NP_001138574.1        52    0.565  66.219   0.000   0.113   0.017   0.870
E H  NP_001138574.1        53    0.711 129.395   0.000   0.087   0.006   0.907
E S  NP_001138574.1        54    0.632  74.058   0.000   0.058   0.013   0.929
E I  NP_001138574.1        55    0.340  62.949   0.000   0.003   0.009   0.988
E P  NP_001138574.1        56    0.415  58.874   0.000   0.007   0.007   0.986
E E  NP_001138574.1        57    0.762 133.141   0.000   0.027   0.024   0.948
E N  NP_001138574.1        58    0.611  89.416   0.000   0.018   0.019   0.963
E T  NP_001138574.1        59    0.305  42.287   0.000   0.017   0.054   0.930
E N  NP_001138574.1        60    0.696 101.934   0.000   0.005   0.093   0.902
E F  NP_001138574.1        61    0.286  57.369   0.000   0.002   0.017   0.981
E P  NP_001138574.1        62    0.449  63.704   0.000   0.008   0.008   0.985
E A  NP_001138574.1        63    0.848  93.493   0.000   0.016   0.003   0.982
E G  NP_001138574.1        64    0.814  64.026   0.000   0.007   0.002   0.992
E I  NP_001138574.1        65    0.388  71.762   0.000   0.009   0.013   0.978
E E  NP_001138574.1        66    0.691 120.797   0.000   0.001   0.022   0.977
E P  NP_001138574.1        67    0.552  78.374   0.000   0.007   0.013   0.979
E Q  NP_001138574.1        68    0.593 105.821   0.000   0.009   0.017   0.974
E S  NP_001138574.1        69    0.501  58.738   0.000   0.027   0.023   0.950
E N  NP_001138574.1        70    0.757 110.802   0.000   0.012   0.007   0.981
E I  NP_001138574.1        71    0.378  70.014   0.000   0.002   0.008   0.990
E P  NP_001138574.1        72    0.516  73.234   0.000   0.004   0.004   0.992
E E  NP_001138574.1        73    0.811 141.698   0.000   0.008   0.005   0.987
E T  NP_001138574.1        74    0.595  82.582   0.000   0.000   0.007   0.992
E P  NP_001138574.1        75    0.409  57.984   0.000   0.000   0.001   0.999
E P  NP_001138574.1        76    0.411  58.379   0.000   0.001   0.000   0.999
E P  NP_001138574.1        77    0.724 102.673   0.000   0.025   0.002   0.974
E G  NP_001138574.1        78    0.589  46.329   0.000   0.020   0.006   0.974
E Y  NP_001138574.1        79    0.433  92.500   0.000   0.024   0.033   0.943
E L  NP_001138574.1        80    0.542  99.200   0.000   0.009   0.020   0.971
E S  NP_001138574.1        81    0.584  68.471   0.000   0.002   0.010   0.988
E E  NP_001138574.1        82    0.809 141.252   0.000   0.003   0.002   0.995
E D  NP_001138574.1        83    0.847 122.006   0.000   0.002   0.000   0.998
E G  NP_001138574.1        84    0.674  53.044   0.000   0.001   0.000   0.999
E E  NP_001138574.1        85    0.727 126.992   0.000   0.001   0.000   0.999
E T  NP_001138574.1        86    0.709  98.384   0.000   0.001   0.002   0.997
E S  NP_001138574.1        87    0.664  77.828   0.000   0.001   0.001   0.998
E D  NP_001138574.1        88    0.743 107.061   0.000   0.002   0.000   0.997
E H  NP_001138574.1        89    0.697 126.835   0.000   0.001   0.000   0.998
E Q  NP_001138574.1        90    0.709 126.628   0.000   0.001   0.000   0.998
E M  NP_001138574.1        91    0.640 128.025   0.000   0.001   0.000   0.998
E N  NP_001138574.1        92    0.726 106.337   0.000   0.001   0.000   0.998
E H  NP_001138574.1        93    0.700 127.416   0.000   0.001   0.000   0.999
E S  NP_001138574.1        94    0.674  79.044   0.000   0.002   0.001   0.997
E M  NP_001138574.1        95    0.615 123.007   0.000   0.001   0.001   0.998
E D  NP_001138574.1        96    0.714 102.951   0.000   0.003   0.001   0.995
E A  NP_001138574.1        97    0.675  74.384   0.000   0.001   0.000   0.999
E G  NP_001138574.1        98    0.697  54.876   0.000   0.000   0.000   0.999
E S  NP_001138574.1        99    0.586  68.663   0.000   0.000   0.001   0.999
E P  NP_001138574.1       100    0.684  97.102   0.000   0.002   0.001   0.997
E N  NP_001138574.1       101    0.756 110.689   0.000   0.002   0.002   0.996
E L  NP_001138574.1       102    0.578 105.906   0.000   0.003   0.004   0.993
E S  NP_001138574.1       103    0.600  70.351   0.000   0.000   0.004   0.996
E P  NP_001138574.1       104    0.653  92.646   0.000   0.000   0.004   0.996
E N  NP_001138574.1       105    0.639  93.620   0.000   0.000   0.003   0.996
E P  NP_001138574.1       106    0.640  90.831   0.000   0.001   0.002   0.996
E M  NP_001138574.1       107    0.584 116.910   0.000   0.001   0.005   0.993
E S  NP_001138574.1       108    0.509  59.676   0.000   0.001   0.007   0.993
E P  NP_001138574.1       109    0.610  86.496   0.000   0.022   0.008   0.970
E A  NP_001138574.1       110    0.604  66.560   0.000   0.036   0.011   0.953
E H  NP_001138574.1       111    0.621 112.924   0.000   0.039   0.025   0.936
E N  NP_001138574.1       112    0.665  97.296   0.000   0.039   0.018   0.943
E N  NP_001138574.1       113    0.777 113.708   0.000   0.035   0.019   0.946
E L  NP_001138574.1       114    0.501  91.802   0.000   0.030   0.054   0.917
E D  NP_001138574.1       115    0.636  91.632   0.000   0.039   0.113   0.848
E L  NP_001138574.1       116    0.300  55.000   0.000   0.008   0.276   0.716
E Q  NP_001138574.1       117    0.548  97.812   0.000   0.003   0.511   0.486
E P  NP_001138574.1       118    0.523  74.201   0.000   0.003   0.486   0.512
B V  NP_001138574.1       119    0.250  38.395   0.000   0.011   0.199   0.790
E T  NP_001138574.1       120    0.622  86.272   0.000   0.030   0.276   0.694
E Y  NP_001138574.1       121    0.385  82.244   0.000   0.022   0.432   0.546
E C  NP_001138574.1       122    0.451  63.374   0.000   0.010   0.328   0.662
E E  NP_001138574.1       123    0.422  73.654   0.000   0.004   0.152   0.844
E P  NP_001138574.1       124    0.453  64.244   0.000   0.102   0.069   0.829
E A  NP_001138574.1       125    0.511  56.339   0.000   0.153   0.044   0.803
B F  NP_001138574.1       126    0.248  49.766   0.000   0.133   0.205   0.662
B W  NP_001138574.1       127    0.134  32.265   0.000   0.023   0.539   0.437
B C  NP_001138574.1       128    0.012   1.650   0.000   0.002   0.933   0.064
B S  NP_001138574.1       129    0.097  11.370   0.000   0.000   0.990   0.010
B I  NP_001138574.1       130    0.011   1.975   0.000   0.001   0.996   0.003
B S  NP_001138574.1       131    0.042   4.922   0.000   0.001   0.996   0.002
B Y  NP_001138574.1       132    0.036   7.680   0.000   0.001   0.998   0.001
B Y  NP_001138574.1       133    0.070  15.065   0.000   0.002   0.992   0.005
B E  NP_001138574.1       134    0.089  15.462   0.000   0.001   0.956   0.043
B L  NP_001138574.1       135    0.228  41.710   0.000   0.006   0.107   0.888
E N  NP_001138574.1       136    0.470  68.856   0.000   0.002   0.160   0.838
E Q  NP_001138574.1       137    0.506  90.378   0.000   0.001   0.836   0.164
E R  NP_001138574.1       138    0.374  85.609   0.000   0.000   0.940   0.060
B V  NP_001138574.1       139    0.184  28.222   0.000   0.000   0.759   0.241
B G  NP_001138574.1       140    0.169  13.304   0.000   0.000   0.801   0.199
E E  NP_001138574.1       141    0.576 100.585   0.000   0.000   0.756   0.244
E T  NP_001138574.1       142    0.317  43.912   0.000   0.001   0.795   0.204
B F  NP_001138574.1       143    0.154  30.957   0.000   0.000   0.990   0.009
E H  NP_001138574.1       144    0.546  99.334   0.000   0.000   0.970   0.030
B A  NP_001138574.1       145    0.029   3.201   0.000   0.001   0.377   0.623
E S  NP_001138574.1       146    0.574  67.230   0.000   0.001   0.096   0.903
E Q  NP_001138574.1       147    0.481  85.869   0.000   0.001   0.039   0.961
E P  NP_001138574.1       148    0.402  57.014   0.000   0.001   0.042   0.958
B S  NP_001138574.1       149    0.176  20.634   0.000   0.000   0.887   0.113
B M  NP_001138574.1       150    0.031   6.128   0.000   0.000   0.978   0.022
B T  NP_001138574.1       151    0.204  28.232   0.000   0.000   0.989   0.010
B V  NP_001138574.1       152    0.013   1.923   0.000   0.000   0.974   0.026
B D  NP_001138574.1       153    0.226  32.521   0.000   0.001   0.588   0.411
B G  NP_001138574.1       154    0.077   6.097   0.000   0.002   0.202   0.796
B F  NP_001138574.1       155    0.148  29.793   0.000   0.003   0.434   0.564
E T  NP_001138574.1       156    0.301  41.763   0.000   0.003   0.347   0.650
E D  NP_001138574.1       157    0.300  43.301   0.000   0.001   0.159   0.840
E P  NP_001138574.1       158    0.390  55.309   0.000   0.075   0.010   0.916
E S  NP_001138574.1       159    0.518  60.695   0.000   0.097   0.011   0.893
E N  NP_001138574.1       160    0.451  66.010   0.000   0.085   0.075   0.839
E S  NP_001138574.1       161    0.300  35.119   0.000   0.065   0.034   0.901
E E  NP_001138574.1       162    0.556  97.136   0.000   0.055   0.047   0.898
E R  NP_001138574.1       163    0.290  66.369   0.000   0.056   0.439   0.505
B F  NP_001138574.1       164    0.035   7.115   0.000   0.002   0.865   0.133
B C  NP_001138574.1       165    0.037   5.166   0.000   0.002   0.870   0.128
B L  NP_001138574.1       166    0.019   3.476   0.000   0.420   0.149   0.431
B G  NP_001138574.1       167    0.115   9.048   0.000   0.548   0.176   0.276
B L  NP_001138574.1       168    0.247  45.164   0.000   0.526   0.129   0.346
B L  NP_001138574.1       169    0.065  11.993   0.000   0.093   0.170   0.737
E S  NP_001138574.1       170    0.414  48.546   0.000   0.046   0.077   0.877
E N  NP_001138574.1       171    0.260  38.004   0.000   0.043   0.039   0.919
E V  NP_001138574.1       172    0.471  72.332   0.000   0.111   0.012   0.876
E N  NP_001138574.1       173    0.547  80.086   0.000   0.105   0.007   0.888
E R  NP_001138574.1       174    0.316  72.312   0.000   0.051   0.009   0.940
E N  NP_001138574.1       175    0.460  67.277   0.000   0.115   0.001   0.884
E A  NP_001138574.1       176    0.697  76.766   0.000   0.988   0.000   0.012
E A  NP_001138574.1       177    0.279  30.800   0.000   0.992   0.000   0.008
B V  NP_001138574.1       178    0.031   4.732   0.000   0.996   0.000   0.004
E E  NP_001138574.1       179    0.441  77.102   0.000   0.997   0.000   0.003
E L  NP_001138574.1       180    0.405  74.247   0.000   0.996   0.000   0.004
B T  NP_001138574.1       181    0.030   4.140   0.000   0.995   0.000   0.005
B R  NP_001138574.1       182    0.223  51.016   0.000   0.990   0.000   0.010
E R  NP_001138574.1       183    0.561 128.565   0.000   0.924   0.000   0.075
E H  NP_001138574.1       184    0.298  54.293   0.000   0.818   0.001   0.181
B I  NP_001138574.1       185    0.048   8.961   0.000   0.700   0.025   0.274
B G  NP_001138574.1       186    0.192  15.097   0.000   0.325   0.013   0.662
E R  NP_001138574.1       187    0.497 113.713   0.000   0.177   0.037   0.785
B G  NP_001138574.1       188    0.059   4.675   0.000   0.053   0.104   0.843
B V  NP_001138574.1       189    0.026   4.050   0.000   0.000   0.916   0.084
E R  NP_001138574.1       190    0.347  79.538   0.000   0.000   0.989   0.011
B L  NP_001138574.1       191    0.055  10.043   0.000   0.000   0.993   0.007
E Y  NP_001138574.1       192    0.290  61.974   0.000   0.000   0.998   0.002
E Y  NP_001138574.1       193    0.285  60.853   0.000   0.000   0.991   0.009
E I  NP_001138574.1       194    0.333  61.664   0.000   0.003   0.926   0.071
E G  NP_001138574.1       195    0.812  63.870   0.000   0.013   0.017   0.970
E G  NP_001138574.1       196    0.593  46.641   0.000   0.013   0.001   0.986
E E  NP_001138574.1       197    0.425  74.198   0.000   0.001   0.866   0.133
B V  NP_001138574.1       198    0.030   4.647   0.000   0.000   0.985   0.015
B F  NP_001138574.1       199    0.108  21.675   0.000   0.000   0.996   0.004
B A  NP_001138574.1       200    0.004   0.446   0.000   0.000   0.998   0.002
B E  NP_001138574.1       201    0.221  38.694   0.000   0.000   0.995   0.005
B C  NP_001138574.1       202    0.029   4.108   0.000   0.000   0.958   0.042
E L  NP_001138574.1       203    0.285  52.188   0.000   0.004   0.133   0.863
B S  NP_001138574.1       204    0.055   6.404   0.000   0.001   0.050   0.949
E D  NP_001138574.1       205    0.773 111.335   0.000   0.000   0.002   0.998
B S  NP_001138574.1       206    0.189  22.175   0.000   0.000   0.023   0.977
B A  NP_001138574.1       207    0.069   7.640   0.000   0.000   0.192   0.808
B I  NP_001138574.1       208    0.006   1.148   0.000   0.000   0.981   0.019
B F  NP_001138574.1       209    0.049   9.766   0.000   0.000   0.989   0.011
B V  NP_001138574.1       210    0.005   0.725   0.000   0.000   0.988   0.012
B Q  NP_001138574.1       211    0.130  23.210   0.000   0.000   0.910   0.089
B S  NP_001138574.1       212    0.011   1.288   0.000   0.005   0.238   0.757
B P  NP_001138574.1       213    0.161  22.808   0.000   0.509   0.020   0.471
B N  NP_001138574.1       214    0.243  35.615   0.000   0.417   0.025   0.558
B C  NP_001138574.1       215    0.032   4.513   0.000   0.807   0.015   0.178
B N  NP_001138574.1       216    0.086  12.532   0.000   0.755   0.028   0.217
E Q  NP_001138574.1       217    0.543  97.065   0.000   0.766   0.013   0.221
E R  NP_001138574.1       218    0.639 146.311   0.000   0.663   0.019   0.318
E Y  NP_001138574.1       219    0.421  89.865   0.000   0.523   0.011   0.466
E G  NP_001138574.1       220    0.573  45.126   0.000   0.015   0.020   0.965
B W  NP_001138574.1       221    0.250  60.103   0.000   0.007   0.131   0.862
E H  NP_001138574.1       222    0.439  79.889   0.000   0.003   0.029   0.968
E P  NP_001138574.1       223    0.301  42.695   0.000   0.517   0.033   0.449
E A  NP_001138574.1       224    0.481  52.979   0.000   0.545   0.040   0.416
B T  NP_001138574.1       225    0.220  30.548   0.000   0.582   0.083   0.336
B V  NP_001138574.1       226    0.082  12.583   0.000   0.008   0.752   0.239
B C  NP_001138574.1       227    0.129  18.119   0.000   0.003   0.978   0.019
E K  NP_001138574.1       228    0.340  69.919   0.000   0.000   0.993   0.007
B I  NP_001138574.1       229    0.025   4.663   0.000   0.000   0.874   0.126
B P  NP_001138574.1       230    0.248  35.165   0.000   0.000   0.012   0.987
E P  NP_001138574.1       231    0.447  63.463   0.000   0.003   0.007   0.990
E G  NP_001138574.1       232    0.402  31.675   0.000   0.002   0.014   0.984
B C  NP_001138574.1       233    0.089  12.523   0.000   0.001   0.266   0.733
B N  NP_001138574.1       234    0.139  20.288   0.000   0.000   0.922   0.078
B L  NP_001138574.1       235    0.010   1.775   0.000   0.000   0.996   0.004
B K  NP_001138574.1       236    0.098  20.130   0.000   0.000   0.999   0.001
B I  NP_001138574.1       237    0.008   1.563   0.000   0.000   0.994   0.005
B F  NP_001138574.1       238    0.079  15.913   0.000   0.000   0.848   0.152
B N  NP_001138574.1       239    0.244  35.677   0.000   0.001   0.437   0.563
B N  NP_001138574.1       240    0.249  36.509   0.000   0.910   0.001   0.089
E Q  NP_001138574.1       241    0.662 118.184   0.000   0.971   0.001   0.028
E E  NP_001138574.1       242    0.437  76.305   0.000   0.981   0.001   0.018
B F  NP_001138574.1       243    0.046   9.199   0.000   0.990   0.000   0.010
E A  NP_001138574.1       244    0.271  29.919   0.000   0.996   0.000   0.004
E A  NP_001138574.1       245    0.505  55.704   0.000   0.993   0.000   0.007
B L  NP_001138574.1       246    0.181  33.078   0.000   0.991   0.000   0.009
B L  NP_001138574.1       247    0.089  16.361   0.000   0.980   0.000   0.020
E A  NP_001138574.1       248    0.417  45.947   0.000   0.967   0.000   0.033
E Q  NP_001138574.1       249    0.517  92.383   0.000   0.942   0.000   0.057
B S  NP_001138574.1       250    0.094  11.023   0.000   0.947   0.001   0.053
E V  NP_001138574.1       251    0.354  54.441   0.000   0.889   0.004   0.107
E N  NP_001138574.1       252    0.784 114.777   0.000   0.881   0.001   0.117
E Q  NP_001138574.1       253    0.601 107.286   0.000   0.520   0.002   0.478
E G  NP_001138574.1       254    0.456  35.865   0.000   0.152   0.001   0.847
E F  NP_001138574.1       255    0.426  85.477   0.000   0.348   0.013   0.639
E E  NP_001138574.1       256    0.735 128.405   0.000   0.668   0.005   0.327
B A  NP_001138574.1       257    0.211  23.203   0.000   0.726   0.005   0.268
B V  NP_001138574.1       258    0.133  20.515   0.000   0.864   0.012   0.123
E Y  NP_001138574.1       259    0.431  92.111   0.000   0.906   0.007   0.086
E Q  NP_001138574.1       260    0.463  82.697   0.000   0.922   0.003   0.074
B L  NP_001138574.1       261    0.066  12.143   0.000   0.898   0.005   0.096
E T  NP_001138574.1       262    0.255  35.329   0.000   0.823   0.016   0.160
E R  NP_001138574.1       263    0.427  97.827   0.000   0.671   0.034   0.296
B M  NP_001138574.1       264    0.178  35.681   0.000   0.288   0.120   0.592
B C  NP_001138574.1       265    0.041   5.714   0.000   0.026   0.404   0.570
B T  NP_001138574.1       266    0.071   9.864   0.000   0.001   0.931   0.068
B I  NP_001138574.1       267    0.013   2.317   0.000   0.000   0.994   0.006
B R  NP_001138574.1       268    0.140  32.124   0.000   0.000   0.998   0.002
B M  NP_001138574.1       269    0.009   1.739   0.000   0.000   0.996   0.003
B S  NP_001138574.1       270    0.039   4.553   0.000   0.001   0.982   0.017
B F  NP_001138574.1       271    0.044   8.853   0.000   0.001   0.923   0.076
B V  NP_001138574.1       272    0.066  10.119   0.000   0.002   0.835   0.163
E K  NP_001138574.1       273    0.254  52.258   0.000   0.009   0.559   0.432
E G  NP_001138574.1       274    0.252  19.796   0.000   0.008   0.091   0.901
E W  NP_001138574.1       275    0.275  66.114   0.000   0.019   0.116   0.865
E G  NP_001138574.1       276    0.352  27.736   0.000   0.065   0.012   0.923
E A  NP_001138574.1       277    0.718  79.122   0.000   0.064   0.002   0.934
E E  NP_001138574.1       278    0.791 138.228   0.000   0.063   0.002   0.935
B Y  NP_001138574.1       279    0.193  41.238   0.000   0.040   0.016   0.944
E R  NP_001138574.1       280    0.707 161.938   0.000   0.014   0.018   0.968
E R  NP_001138574.1       281    0.361  82.771   0.000   0.061   0.026   0.913
E Q  NP_001138574.1       282    0.532  95.021   0.000   0.133   0.020   0.846
E T  NP_001138574.1       283    0.325  45.027   0.000   0.244   0.087   0.668
B V  NP_001138574.1       284    0.042   6.504   0.000   0.852   0.007   0.141
E T  NP_001138574.1       285    0.257  35.653   0.000   0.863   0.005   0.132
E S  NP_001138574.1       286    0.533  62.492   0.000   0.751   0.004   0.245
B T  NP_001138574.1       287    0.050   6.942   0.000   0.001   0.005   0.995
B P  NP_001138574.1       288    0.241  34.211   0.000   0.002   0.061   0.937
B C  NP_001138574.1       289    0.013   1.858   0.000   0.000   0.884   0.115
B W  NP_001138574.1       290    0.112  27.043   0.000   0.000   0.984   0.015
B I  NP_001138574.1       291    0.007   1.332   0.000   0.000   0.999   0.001
B E  NP_001138574.1       292    0.070  12.186   0.000   0.000   0.999   0.000
B L  NP_001138574.1       293    0.009   1.608   0.000   0.000   0.997   0.003
B H  NP_001138574.1       294    0.153  27.832   0.000   0.000   0.987   0.013
B L  NP_001138574.1       295    0.042   7.632   0.000   0.030   0.633   0.337
B N  NP_001138574.1       296    0.202  29.525   0.000   0.337   0.080   0.583
B G  NP_001138574.1       297    0.161  12.648   0.000   0.934   0.002   0.064
B P  NP_001138574.1       298    0.058   8.259   0.000   0.966   0.002   0.032
B L  NP_001138574.1       299    0.066  12.034   0.000   0.975   0.002   0.023
E Q  NP_001138574.1       300    0.476  85.071   0.000   0.989   0.001   0.010
B W  NP_001138574.1       301    0.157  37.640   0.000   0.989   0.001   0.010
B L  NP_001138574.1       302    0.039   7.223   0.000   0.995   0.000   0.005
E D  NP_001138574.1       303    0.306  44.033   0.000   0.997   0.000   0.003
E K  NP_001138574.1       304    0.499 102.639   0.000   0.996   0.000   0.004
B V  NP_001138574.1       305    0.091  14.010   0.000   0.996   0.000   0.004
B L  NP_001138574.1       306    0.097  17.749   0.000   0.983   0.000   0.017
E T  NP_001138574.1       307    0.602  83.438   0.000   0.931   0.000   0.068
E Q  NP_001138574.1       308    0.612 109.302   0.000   0.757   0.001   0.242
B M  NP_001138574.1       309    0.218  43.592   0.000   0.325   0.004   0.671
E G  NP_001138574.1       310    0.541  42.588   0.000   0.015   0.008   0.977
E S  NP_001138574.1       311    0.295  34.526   0.000   0.002   0.009   0.989
E P  NP_001138574.1       312    0.462  65.504   0.000   0.043   0.008   0.950
E S  NP_001138574.1       313    0.677  79.354   0.000   0.083   0.029   0.888
E I  NP_001138574.1       314    0.329  60.809   0.000   0.062   0.073   0.865
E R  NP_001138574.1       315    0.604 138.280   0.000   0.040   0.264   0.696
B C  NP_001138574.1       316    0.230  32.304   0.000   0.036   0.265   0.699
E S  NP_001138574.1       317    0.451  52.804   0.000   0.045   0.346   0.609
E S  NP_001138574.1       318    0.441  51.700   0.000   0.040   0.370   0.590
E V  NP_001138574.1       319    0.393  60.426   0.000   0.023   0.281   0.696
E S  NP_001138574.1       320    0.814  95.408   0.000   0.000   0.002   0.998
