# For publication of results, please cite:
# ...
# ... Michael Schantz Klausen, Martin Closter Jespersen, Henrik Nielsen, Kamilla Kjærgaard Jensen, 
# ... Vanessa Isabell Jurtz, Casper Kaae Sønderby, Morten Otto Alexander Sommer, Ole Winther, 
# ... Morten Nielsen, Bent Petersen, and Paolo Marcatili. 
# ... NetSurfP-2.0: Improved prediction of protein structural features by integrated deep learning.
# ... Proteins: Structure, Function, and Bioinformatics (Feb. 2019).
# ... https://doi.org/10.1002/prot.25674
# ...
#
# Column 1: Class assignment - B for buried or E for Exposed - Threshold: 25% exposure, but not based on RSA
# Column 2: Amino acid
# Column 3: Sequence name
# Column 4: Amino acid number
# Column 5: Relative Surface Accessibility - RSA
# Column 6: Absolute Surface Accessibility
# Column 7: Not used
# Column 8: Probability for Alpha-Helix
# Column 9: Probability for Beta-strand
# Column 10: Probability for Coil
E M  NP_001011724.1         1    0.871 174.326   0.000   0.000   0.000   1.000
E S  NP_001011724.1         2    0.880 103.116   0.000   0.000   0.000   1.000
E K  NP_001011724.1         3    0.806 165.711   0.000   0.001   0.000   0.998
E S  NP_001011724.1         4    0.804  94.236   0.000   0.002   0.001   0.997
E A  NP_001011724.1         5    0.744  82.021   0.000   0.004   0.001   0.995
E S  NP_001011724.1         6    0.650  76.122   0.000   0.001   0.001   0.999
E P  NP_001011724.1         7    0.592  84.050   0.000   0.004   0.001   0.995
E K  NP_001011724.1         8    0.660 135.664   0.000   0.008   0.004   0.988
E E  NP_001011724.1         9    0.617 107.824   0.000   0.005   0.002   0.993
E P  NP_001011724.1        10    0.507  71.933   0.000   0.372   0.002   0.627
E E  NP_001011724.1        11    0.715 124.892   0.000   0.451   0.010   0.539
E Q  NP_001011724.1        12    0.616 110.024   0.000   0.372   0.048   0.580
B L  NP_001011724.1        13    0.210  38.532   0.000   0.074   0.137   0.789
E R  NP_001011724.1        14    0.359  82.107   0.000   0.018   0.327   0.655
E K  NP_001011724.1        15    0.328  67.483   0.000   0.001   0.928   0.070
B L  NP_001011724.1        16    0.019   3.388   0.000   0.000   0.987   0.013
B F  NP_001011724.1        17    0.109  21.896   0.000   0.000   0.997   0.003
B I  NP_001011724.1        18    0.006   1.172   0.000   0.000   0.995   0.005
B G  NP_001011724.1        19    0.060   4.716   0.000   0.000   0.916   0.084
B G  NP_001011724.1        20    0.247  19.400   0.000   0.000   0.183   0.816
B L  NP_001011724.1        21    0.020   3.592   0.000   0.001   0.190   0.810
B S  NP_001011724.1        22    0.180  21.087   0.000   0.001   0.067   0.933
E F  NP_001011724.1        23    0.434  87.052   0.000   0.001   0.001   0.998
E E  NP_001011724.1        24    0.748 130.748   0.000   0.004   0.001   0.996
B T  NP_001011724.1        25    0.057   7.925   0.000   0.001   0.002   0.997
E T  NP_001011724.1        26    0.409  56.677   0.000   0.001   0.008   0.991
E D  NP_001011724.1        27    0.465  66.966   0.000   0.989   0.000   0.011
E E  NP_001011724.1        28    0.718 125.490   0.000   0.994   0.000   0.006
E S  NP_001011724.1        29    0.313  36.736   0.000   0.995   0.000   0.005
B L  NP_001011724.1        30    0.014   2.547   0.000   0.995   0.000   0.004
E R  NP_001011724.1        31    0.401  91.903   0.000   0.995   0.000   0.005
E S  NP_001011724.1        32    0.560  65.608   0.000   0.980   0.000   0.020
B H  NP_001011724.1        33    0.244  44.395   0.000   0.955   0.000   0.045
B F  NP_001011724.1        34    0.020   3.947   0.000   0.831   0.002   0.168
E E  NP_001011724.1        35    0.617 107.770   0.000   0.608   0.002   0.390
E Q  NP_001011724.1        36    0.750 133.909   0.000   0.382   0.001   0.617
B W  NP_001011724.1        37    0.123  29.501   0.000   0.504   0.002   0.494
B G  NP_001011724.1        38    0.220  17.316   0.000   0.001   0.032   0.967
E T  NP_001011724.1        39    0.494  68.495   0.000   0.000   0.057   0.943
B L  NP_001011724.1        40    0.103  18.875   0.000   0.000   0.966   0.034
E T  NP_001011724.1        41    0.473  65.542   0.000   0.000   0.983   0.016
E D  NP_001011724.1        42    0.432  62.246   0.000   0.000   0.996   0.004
B C  NP_001011724.1        43    0.103  14.445   0.000   0.000   0.996   0.004
B V  NP_001011724.1        44    0.239  36.764   0.000   0.000   0.998   0.002
B V  NP_001011724.1        45    0.211  32.489   0.000   0.000   0.986   0.014
B M  NP_001011724.1        46    0.237  47.348   0.000   0.001   0.930   0.070
E R  NP_001011724.1        47    0.467 107.039   0.000   0.000   0.966   0.034
B D  NP_001011724.1        48    0.209  30.102   0.000   0.000   0.263   0.737
E P  NP_001011724.1        49    0.602  85.446   0.000   0.002   0.000   0.997
E N  NP_001011724.1        50    0.861 126.048   0.000   0.002   0.000   0.998
E T  NP_001011724.1        51    0.461  64.008   0.000   0.006   0.001   0.993
E K  NP_001011724.1        52    0.630 129.629   0.000   0.000   0.001   0.999
E R  NP_001011724.1        53    0.547 125.362   0.000   0.002   0.294   0.705
B S  NP_001011724.1        54    0.211  24.717   0.000   0.000   0.905   0.094
E R  NP_001011724.1        55    0.410  93.816   0.000   0.000   0.519   0.480
B G  NP_001011724.1        56    0.124   9.798   0.000   0.000   0.673   0.327
B F  NP_001011724.1        57    0.156  31.337   0.000   0.000   0.940   0.060
B G  NP_001011724.1        58    0.010   0.792   0.000   0.000   0.995   0.005
B F  NP_001011724.1        59    0.118  23.647   0.000   0.000   0.995   0.004
B V  NP_001011724.1        60    0.008   1.192   0.000   0.000   0.997   0.003
B T  NP_001011724.1        61    0.143  19.788   0.000   0.000   0.998   0.002
B Y  NP_001011724.1        62    0.033   6.949   0.000   0.000   0.912   0.088
E A  NP_001011724.1        63    0.385  42.457   0.000   0.000   0.002   0.997
E T  NP_001011724.1        64    0.382  52.949   0.000   0.000   0.011   0.989
E V  NP_001011724.1        65    0.345  53.052   0.000   0.988   0.000   0.012
E E  NP_001011724.1        66    0.730 127.537   0.000   0.993   0.000   0.007
E E  NP_001011724.1        67    0.265  46.314   0.000   0.998   0.000   0.002
B V  NP_001011724.1        68    0.011   1.670   0.000   0.999   0.000   0.001
E D  NP_001011724.1        69    0.440  63.358   0.000   0.998   0.000   0.002
E A  NP_001011724.1        70    0.366  40.345   0.000   0.997   0.000   0.003
B A  NP_001011724.1        71    0.014   1.502   0.000   0.994   0.000   0.006
B M  NP_001011724.1        72    0.152  30.472   0.000   0.952   0.001   0.048
E N  NP_001011724.1        73    0.808 118.246   0.000   0.824   0.000   0.175
E T  NP_001011724.1        74    0.518  71.889   0.000   0.601   0.001   0.399
E T  NP_001011724.1        75    0.300  41.566   0.000   0.004   0.006   0.990
E P  NP_001011724.1        76    0.539  76.540   0.000   0.002   0.003   0.995
E H  NP_001011724.1        77    0.274  49.830   0.000   0.002   0.278   0.720
E K  NP_001011724.1        78    0.572 117.677   0.000   0.000   0.981   0.019
B V  NP_001011724.1        79    0.064   9.780   0.000   0.000   0.991   0.008
E D  NP_001011724.1        80    0.540  77.877   0.000   0.001   0.005   0.994
E G  NP_001011724.1        81    0.797  62.703   0.000   0.003   0.001   0.996
E R  NP_001011724.1        82    0.475 108.883   0.000   0.000   0.994   0.006
E V  NP_001011724.1        83    0.469  72.097   0.000   0.000   0.978   0.022
B V  NP_001011724.1        84    0.051   7.909   0.000   0.001   0.127   0.872
E E  NP_001011724.1        85    0.563  98.316   0.000   0.001   0.142   0.857
B P  NP_001011724.1        86    0.162  22.968   0.000   0.036   0.331   0.634
E K  NP_001011724.1        87    0.529 108.808   0.000   0.019   0.764   0.218
E R  NP_001011724.1        88    0.420  96.157   0.000   0.008   0.889   0.104
B A  NP_001011724.1        89    0.170  18.735   0.000   0.007   0.301   0.692
E V  NP_001011724.1        90    0.442  67.915   0.000   0.008   0.270   0.722
E S  NP_001011724.1        91    0.423  49.592   0.000   0.017   0.157   0.826
E R  NP_001011724.1        92    0.467 106.842   0.000   0.179   0.027   0.794
E E  NP_001011724.1        93    0.704 122.903   0.000   0.234   0.014   0.752
E D  NP_001011724.1        94    0.534  77.013   0.000   0.301   0.009   0.690
E S  NP_001011724.1        95    0.349  40.862   0.000   0.182   0.011   0.807
E Q  NP_001011724.1        96    0.646 115.396   0.000   0.094   0.013   0.893
E R  NP_001011724.1        97    0.492 112.566   0.000   0.003   0.010   0.987
E P  NP_001011724.1        98    0.666  94.440   0.000   0.020   0.004   0.976
E G  NP_001011724.1        99    0.667  52.494   0.000   0.036   0.004   0.960
E A  NP_001011724.1       100    0.369  40.673   0.000   0.062   0.022   0.917
E H  NP_001011724.1       101    0.640 116.406   0.000   0.048   0.099   0.852
B L  NP_001011724.1       102    0.248  45.331   0.000   0.030   0.123   0.846
E T  NP_001011724.1       103    0.512  70.997   0.000   0.024   0.155   0.821
B V  NP_001011724.1       104    0.091  13.975   0.000   0.006   0.206   0.788
E K  NP_001011724.1       105    0.398  81.931   0.000   0.001   0.164   0.835
E K  NP_001011724.1       106    0.259  53.212   0.000   0.000   0.954   0.046
B I  NP_001011724.1       107    0.011   1.954   0.000   0.000   0.995   0.005
B F  NP_001011724.1       108    0.103  20.695   0.000   0.000   0.998   0.002
B V  NP_001011724.1       109    0.005   0.752   0.000   0.000   0.995   0.005
B G  NP_001011724.1       110    0.076   5.984   0.000   0.000   0.883   0.117
E G  NP_001011724.1       111    0.293  23.092   0.000   0.000   0.113   0.886
B I  NP_001011724.1       112    0.019   3.430   0.000   0.000   0.197   0.803
E K  NP_001011724.1       113    0.431  88.616   0.000   0.001   0.097   0.903
E E  NP_001011724.1       114    0.550  96.170   0.000   0.002   0.000   0.998
E D  NP_001011724.1       115    0.739 106.450   0.000   0.006   0.001   0.994
B T  NP_001011724.1       116    0.064   8.820   0.000   0.003   0.003   0.994
E E  NP_001011724.1       117    0.561  97.950   0.000   0.004   0.023   0.973
E E  NP_001011724.1       118    0.424  73.991   0.000   0.977   0.000   0.022
E H  NP_001011724.1       119    0.604 109.883   0.000   0.986   0.000   0.014
E H  NP_001011724.1       120    0.353  64.271   0.000   0.992   0.000   0.008
B L  NP_001011724.1       121    0.011   2.072   0.000   0.994   0.000   0.006
E R  NP_001011724.1       122    0.384  88.031   0.000   0.996   0.000   0.004
E D  NP_001011724.1       123    0.580  83.556   0.000   0.993   0.000   0.007
B Y  NP_001011724.1       124    0.181  38.575   0.000   0.991   0.000   0.009
B F  NP_001011724.1       125    0.013   2.597   0.000   0.955   0.000   0.045
E E  NP_001011724.1       126    0.585 102.117   0.000   0.705   0.001   0.294
E Q  NP_001011724.1       127    0.691 123.455   0.000   0.427   0.000   0.573
B Y  NP_001011724.1       128    0.157  33.504   0.000   0.525   0.002   0.473
B G  NP_001011724.1       129    0.204  16.090   0.000   0.001   0.026   0.973
E K  NP_001011724.1       130    0.585 120.274   0.000   0.000   0.067   0.933
B I  NP_001011724.1       131    0.086  15.956   0.000   0.000   0.962   0.038
E E  NP_001011724.1       132    0.520  90.889   0.000   0.000   0.972   0.028
E V  NP_001011724.1       133    0.305  46.888   0.000   0.000   0.994   0.006
B I  NP_001011724.1       134    0.137  25.381   0.000   0.000   0.994   0.006
E E  NP_001011724.1       135    0.389  67.923   0.000   0.000   0.998   0.002
B I  NP_001011724.1       136    0.188  34.803   0.000   0.000   0.986   0.014
B M  NP_001011724.1       137    0.231  46.184   0.000   0.001   0.930   0.069
E T  NP_001011724.1       138    0.400  55.464   0.000   0.000   0.929   0.070
E D  NP_001011724.1       139    0.293  42.182   0.000   0.001   0.428   0.571
E R  NP_001011724.1       140    0.676 154.700   0.000   0.005   0.002   0.993
E G  NP_001011724.1       141    0.846  66.572   0.000   0.003   0.001   0.996
E S  NP_001011724.1       142    0.536  62.799   0.000   0.009   0.001   0.990
E G  NP_001011724.1       143    0.575  45.244   0.000   0.001   0.001   0.997
E K  NP_001011724.1       144    0.551 113.349   0.000   0.001   0.099   0.900
E K  NP_001011724.1       145    0.396  81.554   0.000   0.000   0.943   0.057
E R  NP_001011724.1       146    0.343  78.527   0.000   0.000   0.752   0.248
B G  NP_001011724.1       147    0.090   7.074   0.000   0.000   0.799   0.200
B F  NP_001011724.1       148    0.129  25.986   0.000   0.000   0.957   0.043
B A  NP_001011724.1       149    0.008   0.909   0.000   0.000   0.995   0.005
B F  NP_001011724.1       150    0.106  21.193   0.000   0.000   0.996   0.004
B V  NP_001011724.1       151    0.008   1.217   0.000   0.000   0.997   0.003
B T  NP_001011724.1       152    0.131  18.137   0.000   0.000   0.997   0.003
B F  NP_001011724.1       153    0.027   5.457   0.000   0.000   0.915   0.085
E D  NP_001011724.1       154    0.593  85.448   0.000   0.000   0.003   0.996
E D  NP_001011724.1       155    0.463  66.705   0.000   0.001   0.006   0.993
E H  NP_001011724.1       156    0.415  75.406   0.000   0.940   0.001   0.059
E D  NP_001011724.1       157    0.682  98.276   0.000   0.963   0.000   0.037
B S  NP_001011724.1       158    0.104  12.198   0.000   0.987   0.000   0.013
B V  NP_001011724.1       159    0.025   3.820   0.000   0.991   0.000   0.009
E D  NP_001011724.1       160    0.490  70.596   0.000   0.977   0.000   0.023
E K  NP_001011724.1       161    0.493 101.469   0.000   0.952   0.001   0.047
B I  NP_001011724.1       162    0.035   6.525   0.000   0.944   0.001   0.055
B V  NP_001011724.1       163    0.196  30.108   0.000   0.827   0.018   0.155
E I  NP_001011724.1       164    0.524  96.909   0.000   0.685   0.025   0.290
E Q  NP_001011724.1       165    0.424  75.665   0.000   0.448   0.009   0.543
E K  NP_001011724.1       166    0.443  91.209   0.000   0.126   0.016   0.858
E Y  NP_001011724.1       167    0.571 122.022   0.000   0.023   0.022   0.955
E H  NP_001011724.1       168    0.385  69.997   0.000   0.006   0.307   0.687
E T  NP_001011724.1       169    0.620  86.020   0.000   0.001   0.948   0.051
B V  NP_001011724.1       170    0.073  11.253   0.000   0.001   0.981   0.018
E K  NP_001011724.1       171    0.589 121.092   0.000   0.003   0.008   0.989
E G  NP_001011724.1       172    0.816  64.200   0.000   0.003   0.001   0.996
E H  NP_001011724.1       173    0.341  62.075   0.000   0.000   0.965   0.035
E N  NP_001011724.1       174    0.579  84.798   0.000   0.000   0.917   0.083
B C  NP_001011724.1       175    0.061   8.529   0.000   0.001   0.371   0.627
E E  NP_001011724.1       176    0.460  80.391   0.000   0.002   0.837   0.161
B V  NP_001011724.1       177    0.136  20.883   0.000   0.000   0.962   0.037
E R  NP_001011724.1       178    0.445 101.869   0.000   0.001   0.960   0.040
E K  NP_001011724.1       179    0.470  96.649   0.000   0.001   0.904   0.095
B A  NP_001011724.1       180    0.228  25.104   0.000   0.001   0.110   0.889
E L  NP_001011724.1       181    0.560 102.622   0.000   0.001   0.064   0.934
E P  NP_001011724.1       182    0.546  77.509   0.000   0.041   0.064   0.895
E K  NP_001011724.1       183    0.631 129.783   0.000   0.429   0.004   0.567
E Q  NP_001011724.1       184    0.778 138.986   0.000   0.459   0.003   0.538
E E  NP_001011724.1       185    0.575 100.475   0.000   0.505   0.003   0.492
E M  NP_001011724.1       186    0.350  70.077   0.000   0.273   0.004   0.722
E A  NP_001011724.1       187    0.685  75.540   0.000   0.165   0.004   0.831
E S  NP_001011724.1       188    0.785  91.970   0.000   0.083   0.001   0.915
E A  NP_001011724.1       189    0.596  65.677   0.000   0.048   0.001   0.951
E S  NP_001011724.1       190    0.682  79.937   0.000   0.026   0.001   0.973
E S  NP_001011724.1       191    0.713  83.619   0.000   0.022   0.001   0.977
E S  NP_001011724.1       192    0.698  81.840   0.000   0.016   0.001   0.983
E Q  NP_001011724.1       193    0.695 124.176   0.000   0.010   0.001   0.989
E R  NP_001011724.1       194    0.698 159.867   0.000   0.005   0.001   0.994
E G  NP_001011724.1       195    0.708  55.738   0.000   0.003   0.001   0.996
E R  NP_001011724.1       196    0.705 161.475   0.000   0.003   0.002   0.995
E R  NP_001011724.1       197    0.733 167.753   0.000   0.002   0.002   0.997
E G  NP_001011724.1       198    0.720  56.643   0.000   0.001   0.001   0.998
E S  NP_001011724.1       199    0.742  86.949   0.000   0.002   0.001   0.998
E G  NP_001011724.1       200    0.720  56.679   0.000   0.004   0.001   0.995
E N  NP_001011724.1       201    0.739 108.134   0.000   0.004   0.002   0.994
E F  NP_001011724.1       202    0.700 140.404   0.000   0.004   0.003   0.993
E G  NP_001011724.1       203    0.710  55.848   0.000   0.002   0.002   0.996
E G  NP_001011724.1       204    0.741  58.342   0.000   0.002   0.001   0.997
E G  NP_001011724.1       205    0.742  58.376   0.000   0.003   0.001   0.996
E R  NP_001011724.1       206    0.741 169.799   0.000   0.003   0.002   0.995
E G  NP_001011724.1       207    0.743  58.513   0.000   0.003   0.001   0.995
E D  NP_001011724.1       208    0.776 111.855   0.000   0.005   0.002   0.993
E G  NP_001011724.1       209    0.732  57.572   0.000   0.008   0.002   0.990
E F  NP_001011724.1       210    0.734 147.320   0.000   0.005   0.004   0.991
E G  NP_001011724.1       211    0.726  57.175   0.000   0.005   0.002   0.993
E G  NP_001011724.1       212    0.745  58.600   0.000   0.011   0.002   0.987
E N  NP_001011724.1       213    0.766 112.100   0.000   0.010   0.001   0.989
E D  NP_001011724.1       214    0.701 101.006   0.000   0.022   0.004   0.974
E N  NP_001011724.1       215    0.710 103.969   0.000   0.016   0.003   0.981
E F  NP_001011724.1       216    0.651 130.613   0.000   0.012   0.005   0.983
E G  NP_001011724.1       217    0.652  51.345   0.000   0.010   0.004   0.986
E R  NP_001011724.1       218    0.689 157.750   0.000   0.007   0.004   0.989
E G  NP_001011724.1       219    0.682  53.687   0.000   0.008   0.003   0.989
E G  NP_001011724.1       220    0.711  55.958   0.000   0.014   0.003   0.983
E N  NP_001011724.1       221    0.741 108.451   0.000   0.016   0.003   0.981
E F  NP_001011724.1       222    0.634 127.294   0.000   0.022   0.008   0.969
E S  NP_001011724.1       223    0.666  78.056   0.000   0.012   0.003   0.985
E G  NP_001011724.1       224    0.643  50.619   0.000   0.016   0.004   0.980
E R  NP_001011724.1       225    0.663 151.850   0.000   0.008   0.005   0.986
E G  NP_001011724.1       226    0.661  51.990   0.000   0.011   0.004   0.985
E G  NP_001011724.1       227    0.673  53.001   0.000   0.013   0.004   0.983
E F  NP_001011724.1       228    0.682 136.828   0.000   0.011   0.006   0.983
E G  NP_001011724.1       229    0.654  51.476   0.000   0.013   0.004   0.983
E G  NP_001011724.1       230    0.684  53.845   0.000   0.018   0.003   0.979
E S  NP_001011724.1       231    0.711  83.291   0.000   0.017   0.003   0.980
E C  NP_001011724.1       232    0.644  90.445   0.000   0.018   0.006   0.976
E G  NP_001011724.1       233    0.652  51.275   0.000   0.011   0.005   0.985
E G  NP_001011724.1       234    0.679  53.462   0.000   0.007   0.003   0.989
E G  NP_001011724.1       235    0.684  53.842   0.000   0.008   0.004   0.987
E G  NP_001011724.1       236    0.668  52.561   0.000   0.013   0.006   0.981
E Y  NP_001011724.1       237    0.671 143.497   0.000   0.014   0.011   0.975
E G  NP_001011724.1       238    0.650  51.163   0.000   0.012   0.006   0.983
E G  NP_001011724.1       239    0.686  53.992   0.000   0.014   0.004   0.982
E S  NP_001011724.1       240    0.714  83.643   0.000   0.014   0.004   0.982
E G  NP_001011724.1       241    0.698  54.922   0.000   0.022   0.004   0.975
E D  NP_001011724.1       242    0.737 106.241   0.000   0.024   0.005   0.971
E G  NP_001011724.1       243    0.658  51.793   0.000   0.039   0.005   0.956
E Y  NP_001011724.1       244    0.631 134.789   0.000   0.043   0.016   0.941
E N  NP_001011724.1       245    0.671  98.257   0.000   0.041   0.008   0.950
E G  NP_001011724.1       246    0.604  47.565   0.000   0.047   0.007   0.946
E F  NP_001011724.1       247    0.624 125.309   0.000   0.032   0.010   0.958
E G  NP_001011724.1       248    0.610  48.010   0.000   0.045   0.008   0.946
E N  NP_001011724.1       249    0.702 102.798   0.000   0.042   0.005   0.953
E D  NP_001011724.1       250    0.657  94.727   0.000   0.040   0.004   0.956
E G  NP_001011724.1       251    0.600  47.243   0.000   0.057   0.004   0.940
E S  NP_001011724.1       252    0.619  72.543   0.000   0.058   0.008   0.934
E N  NP_001011724.1       253    0.636  93.043   0.000   0.059   0.011   0.930
E F  NP_001011724.1       254    0.545 109.282   0.000   0.038   0.011   0.951
E G  NP_001011724.1       255    0.554  43.592   0.000   0.025   0.008   0.966
E G  NP_001011724.1       256    0.600  47.204   0.000   0.029   0.006   0.965
E G  NP_001011724.1       257    0.634  49.902   0.000   0.025   0.005   0.971
E G  NP_001011724.1       258    0.627  49.360   0.000   0.038   0.008   0.954
E S  NP_001011724.1       259    0.579  67.863   0.000   0.048   0.011   0.942
E Y  NP_001011724.1       260    0.556 118.849   0.000   0.085   0.019   0.896
E N  NP_001011724.1       261    0.562  82.237   0.000   0.077   0.017   0.906
E D  NP_001011724.1       262    0.492  70.933   0.000   0.101   0.020   0.879
E F  NP_001011724.1       263    0.478  95.873   0.000   0.055   0.011   0.933
E G  NP_001011724.1       264    0.477  37.501   0.000   0.080   0.018   0.903
E N  NP_001011724.1       265    0.503  73.698   0.000   0.063   0.013   0.924
E Y  NP_001011724.1       266    0.476 101.657   0.000   0.141   0.014   0.845
E N  NP_001011724.1       267    0.567  83.040   0.000   0.133   0.011   0.857
E N  NP_001011724.1       268    0.536  78.526   0.000   0.123   0.016   0.861
E Q  NP_001011724.1       269    0.408  72.933   0.000   0.087   0.029   0.884
E S  NP_001011724.1       270    0.419  49.070   0.000   0.107   0.026   0.867
E S  NP_001011724.1       271    0.368  43.095   0.000   0.103   0.023   0.874
E N  NP_001011724.1       272    0.411  60.213   0.000   0.099   0.023   0.879
E F  NP_001011724.1       273    0.382  76.682   0.000   0.061   0.019   0.920
E G  NP_001011724.1       274    0.276  21.725   0.000   0.070   0.025   0.905
E P  NP_001011724.1       275    0.428  60.729   0.000   0.087   0.014   0.899
E M  NP_001011724.1       276    0.339  67.760   0.000   0.073   0.027   0.900
E K  NP_001011724.1       277    0.519 106.662   0.000   0.055   0.021   0.924
E G  NP_001011724.1       278    0.416  32.738   0.000   0.051   0.012   0.937
E G  NP_001011724.1       279    0.380  29.891   0.000   0.074   0.020   0.906
E N  NP_001011724.1       280    0.453  66.259   0.000   0.055   0.018   0.926
E F  NP_001011724.1       281    0.373  74.817   0.000   0.044   0.020   0.937
E G  NP_001011724.1       282    0.374  29.437   0.000   0.038   0.015   0.947
E G  NP_001011724.1       283    0.395  31.075   0.000   0.052   0.015   0.933
E R  NP_001011724.1       284    0.469 107.397   0.000   0.039   0.023   0.938
E S  NP_001011724.1       285    0.397  46.584   0.000   0.038   0.029   0.933
E S  NP_001011724.1       286    0.360  42.200   0.000   0.021   0.018   0.961
E G  NP_001011724.1       287    0.273  21.500   0.000   0.043   0.028   0.929
E P  NP_001011724.1       288    0.411  58.300   0.000   0.065   0.022   0.913
E Y  NP_001011724.1       289    0.389  83.213   0.000   0.055   0.042   0.903
E G  NP_001011724.1       290    0.275  21.671   0.000   0.049   0.032   0.919
E G  NP_001011724.1       291    0.295  23.232   0.000   0.051   0.027   0.921
E G  NP_001011724.1       292    0.341  26.819   0.000   0.063   0.022   0.915
E G  NP_001011724.1       293    0.371  29.170   0.000   0.094   0.027   0.879
E Q  NP_001011724.1       294    0.439  78.398   0.000   0.149   0.038   0.813
E Y  NP_001011724.1       295    0.400  85.523   0.000   0.155   0.045   0.800
E F  NP_001011724.1       296    0.451  90.488   0.000   0.106   0.035   0.859
E A  NP_001011724.1       297    0.343  37.827   0.000   0.068   0.042   0.890
E K  NP_001011724.1       298    0.540 111.139   0.000   0.018   0.030   0.952
E P  NP_001011724.1       299    0.425  60.282   0.000   0.127   0.021   0.852
E Q  NP_001011724.1       300    0.540  96.361   0.000   0.190   0.029   0.781
E N  NP_001011724.1       301    0.477  69.778   0.000   0.160   0.031   0.809
E Q  NP_001011724.1       302    0.323  57.722   0.000   0.058   0.033   0.910
E G  NP_001011724.1       303    0.313  24.654   0.000   0.040   0.037   0.923
E G  NP_001011724.1       304    0.262  20.640   0.000   0.045   0.036   0.920
E Y  NP_001011724.1       305    0.373  79.788   0.000   0.040   0.040   0.919
E G  NP_001011724.1       306    0.363  28.586   0.000   0.031   0.026   0.943
E V  NP_001011724.1       307    0.319  49.028   0.000   0.039   0.062   0.899
E S  NP_001011724.1       308    0.391  45.775   0.000   0.066   0.047   0.887
E S  NP_001011724.1       309    0.357  41.829   0.000   0.080   0.031   0.889
E S  NP_001011724.1       310    0.364  42.646   0.000   0.084   0.037   0.879
E S  NP_001011724.1       311    0.338  39.656   0.000   0.065   0.027   0.908
E S  NP_001011724.1       312    0.340  39.852   0.000   0.093   0.033   0.873
E S  NP_001011724.1       313    0.295  34.569   0.000   0.093   0.043   0.864
E Y  NP_001011724.1       314    0.332  70.899   0.000   0.062   0.049   0.890
E G  NP_001011724.1       315    0.314  24.746   0.000   0.055   0.031   0.914
E S  NP_001011724.1       316    0.302  35.349   0.000   0.066   0.030   0.904
E G  NP_001011724.1       317    0.309  24.315   0.000   0.078   0.036   0.886
E R  NP_001011724.1       318    0.333  76.296   0.000   0.068   0.068   0.865
E R  NP_001011724.1       319    0.402  92.102   0.000   0.038   0.072   0.889
E F  NP_001011724.1       320    0.511 102.633   0.000   0.001   0.001   0.998
