# For publication of results, please cite:
# ...
# ... Michael Schantz Klausen, Martin Closter Jespersen, Henrik Nielsen, Kamilla Kjærgaard Jensen, 
# ... Vanessa Isabell Jurtz, Casper Kaae Sønderby, Morten Otto Alexander Sommer, Ole Winther, 
# ... Morten Nielsen, Bent Petersen, and Paolo Marcatili. 
# ... NetSurfP-2.0: Improved prediction of protein structural features by integrated deep learning.
# ... Proteins: Structure, Function, and Bioinformatics (Feb. 2019).
# ... https://doi.org/10.1002/prot.25674
# ...
#
# Column 1: Class assignment - B for buried or E for Exposed - Threshold: 25% exposure, but not based on RSA
# Column 2: Amino acid
# Column 3: Sequence name
# Column 4: Amino acid number
# Column 5: Relative Surface Accessibility - RSA
# Column 6: Absolute Surface Accessibility
# Column 7: Not used
# Column 8: Probability for Alpha-Helix
# Column 9: Probability for Beta-strand
# Column 10: Probability for Coil
E M  NP_001011725.1         1    0.869 173.907   0.000   0.000   0.000   1.000
E S  NP_001011725.1         2    0.878 102.859   0.000   0.000   0.000   1.000
E K  NP_001011725.1         3    0.803 165.276   0.000   0.001   0.000   0.998
E S  NP_001011725.1         4    0.802  93.992   0.000   0.002   0.001   0.997
E A  NP_001011725.1         5    0.747  82.300   0.000   0.004   0.001   0.995
E S  NP_001011725.1         6    0.652  76.428   0.000   0.001   0.001   0.999
E P  NP_001011725.1         7    0.587  83.235   0.000   0.004   0.001   0.995
E K  NP_001011725.1         8    0.662 136.221   0.000   0.008   0.004   0.988
E E  NP_001011725.1         9    0.618 107.954   0.000   0.005   0.002   0.993
E P  NP_001011725.1        10    0.508  72.067   0.000   0.373   0.002   0.625
E E  NP_001011725.1        11    0.715 124.902   0.000   0.454   0.011   0.535
E Q  NP_001011725.1        12    0.615 109.758   0.000   0.374   0.048   0.577
B L  NP_001011725.1        13    0.211  38.635   0.000   0.075   0.134   0.791
E R  NP_001011725.1        14    0.360  82.464   0.000   0.018   0.321   0.660
E K  NP_001011725.1        15    0.329  67.746   0.000   0.001   0.928   0.070
B L  NP_001011725.1        16    0.019   3.406   0.000   0.000   0.987   0.013
B F  NP_001011725.1        17    0.111  22.232   0.000   0.000   0.997   0.003
B I  NP_001011725.1        18    0.006   1.166   0.000   0.000   0.995   0.005
B G  NP_001011725.1        19    0.060   4.750   0.000   0.000   0.915   0.085
B G  NP_001011725.1        20    0.243  19.138   0.000   0.000   0.186   0.814
B L  NP_001011725.1        21    0.019   3.543   0.000   0.001   0.190   0.810
B S  NP_001011725.1        22    0.174  20.387   0.000   0.001   0.067   0.932
E F  NP_001011725.1        23    0.432  86.639   0.000   0.001   0.001   0.998
E E  NP_001011725.1        24    0.745 130.121   0.000   0.004   0.001   0.996
B T  NP_001011725.1        25    0.057   7.890   0.000   0.001   0.002   0.997
E T  NP_001011725.1        26    0.407  56.508   0.000   0.001   0.008   0.991
E D  NP_001011725.1        27    0.465  66.998   0.000   0.989   0.000   0.011
E E  NP_001011725.1        28    0.718 125.485   0.000   0.994   0.000   0.006
E S  NP_001011725.1        29    0.312  36.606   0.000   0.995   0.000   0.005
B L  NP_001011725.1        30    0.014   2.564   0.000   0.995   0.000   0.005
E R  NP_001011725.1        31    0.403  92.232   0.000   0.995   0.000   0.005
E S  NP_001011725.1        32    0.559  65.498   0.000   0.981   0.000   0.019
B H  NP_001011725.1        33    0.242  43.968   0.000   0.956   0.000   0.044
B F  NP_001011725.1        34    0.020   4.018   0.000   0.834   0.002   0.165
E E  NP_001011725.1        35    0.618 108.010   0.000   0.611   0.002   0.387
E Q  NP_001011725.1        36    0.750 133.970   0.000   0.384   0.001   0.615
B W  NP_001011725.1        37    0.125  30.099   0.000   0.508   0.002   0.489
B G  NP_001011725.1        38    0.221  17.374   0.000   0.001   0.032   0.967
E T  NP_001011725.1        39    0.492  68.214   0.000   0.000   0.059   0.941
B L  NP_001011725.1        40    0.102  18.705   0.000   0.000   0.966   0.034
E T  NP_001011725.1        41    0.472  65.430   0.000   0.000   0.984   0.016
E D  NP_001011725.1        42    0.434  62.477   0.000   0.000   0.996   0.004
B C  NP_001011725.1        43    0.104  14.597   0.000   0.000   0.996   0.004
B V  NP_001011725.1        44    0.240  36.931   0.000   0.000   0.998   0.002
B V  NP_001011725.1        45    0.213  32.690   0.000   0.000   0.985   0.014
B M  NP_001011725.1        46    0.238  47.683   0.000   0.001   0.929   0.071
E R  NP_001011725.1        47    0.467 107.009   0.000   0.000   0.965   0.035
B D  NP_001011725.1        48    0.211  30.464   0.000   0.000   0.262   0.738
E P  NP_001011725.1        49    0.605  85.802   0.000   0.002   0.000   0.997
E N  NP_001011725.1        50    0.863 126.281   0.000   0.002   0.000   0.998
E T  NP_001011725.1        51    0.463  64.207   0.000   0.006   0.000   0.994
E K  NP_001011725.1        52    0.629 129.423   0.000   0.000   0.001   0.999
E R  NP_001011725.1        53    0.547 125.199   0.000   0.001   0.295   0.704
B S  NP_001011725.1        54    0.212  24.861   0.000   0.000   0.905   0.095
E R  NP_001011725.1        55    0.408  93.382   0.000   0.000   0.517   0.482
B G  NP_001011725.1        56    0.125   9.822   0.000   0.000   0.669   0.331
B F  NP_001011725.1        57    0.157  31.589   0.000   0.000   0.939   0.061
B G  NP_001011725.1        58    0.010   0.790   0.000   0.000   0.994   0.006
B F  NP_001011725.1        59    0.117  23.468   0.000   0.000   0.995   0.005
B V  NP_001011725.1        60    0.008   1.179   0.000   0.000   0.997   0.003
B T  NP_001011725.1        61    0.142  19.662   0.000   0.000   0.998   0.002
B Y  NP_001011725.1        62    0.033   6.998   0.000   0.000   0.909   0.091
E A  NP_001011725.1        63    0.385  42.482   0.000   0.000   0.002   0.998
E T  NP_001011725.1        64    0.381  52.866   0.000   0.000   0.010   0.989
E V  NP_001011725.1        65    0.344  52.907   0.000   0.988   0.000   0.012
E E  NP_001011725.1        66    0.729 127.323   0.000   0.993   0.000   0.007
E E  NP_001011725.1        67    0.262  45.822   0.000   0.998   0.000   0.002
B V  NP_001011725.1        68    0.011   1.645   0.000   0.999   0.000   0.001
E D  NP_001011725.1        69    0.439  63.251   0.000   0.998   0.000   0.002
E A  NP_001011725.1        70    0.365  40.242   0.000   0.997   0.000   0.003
B A  NP_001011725.1        71    0.014   1.519   0.000   0.993   0.000   0.006
B M  NP_001011725.1        72    0.151  30.160   0.000   0.950   0.001   0.050
E N  NP_001011725.1        73    0.805 117.893   0.000   0.816   0.000   0.184
E T  NP_001011725.1        74    0.514  71.354   0.000   0.585   0.001   0.414
E T  NP_001011725.1        75    0.307  42.565   0.000   0.004   0.007   0.990
E P  NP_001011725.1        76    0.536  75.990   0.000   0.002   0.003   0.995
E H  NP_001011725.1        77    0.270  49.142   0.000   0.002   0.281   0.717
E K  NP_001011725.1        78    0.568 116.802   0.000   0.000   0.981   0.018
B V  NP_001011725.1        79    0.065  10.027   0.000   0.000   0.991   0.008
E D  NP_001011725.1        80    0.545  78.502   0.000   0.001   0.004   0.994
E G  NP_001011725.1        81    0.798  62.813   0.000   0.003   0.001   0.996
E R  NP_001011725.1        82    0.480 109.987   0.000   0.000   0.994   0.006
E V  NP_001011725.1        83    0.470  72.301   0.000   0.000   0.978   0.021
B V  NP_001011725.1        84    0.052   7.979   0.000   0.001   0.125   0.874
E E  NP_001011725.1        85    0.569  99.445   0.000   0.001   0.141   0.858
B P  NP_001011725.1        86    0.161  22.847   0.000   0.028   0.323   0.649
E K  NP_001011725.1        87    0.525 107.968   0.000   0.015   0.785   0.200
E R  NP_001011725.1        88    0.421  96.397   0.000   0.007   0.895   0.099
B A  NP_001011725.1        89    0.167  18.416   0.000   0.006   0.299   0.695
E V  NP_001011725.1        90    0.449  68.950   0.000   0.008   0.258   0.734
E S  NP_001011725.1        91    0.415  48.654   0.000   0.017   0.147   0.836
E R  NP_001011725.1        92    0.472 108.100   0.000   0.177   0.027   0.796
E E  NP_001011725.1        93    0.700 122.329   0.000   0.228   0.014   0.758
E D  NP_001011725.1        94    0.525  75.592   0.000   0.294   0.009   0.697
E S  NP_001011725.1        95    0.357  41.794   0.000   0.183   0.011   0.807
E Q  NP_001011725.1        96    0.645 115.145   0.000   0.095   0.013   0.892
E R  NP_001011725.1        97    0.493 112.861   0.000   0.003   0.009   0.988
E P  NP_001011725.1        98    0.667  94.580   0.000   0.020   0.004   0.976
E G  NP_001011725.1        99    0.668  52.550   0.000   0.035   0.004   0.960
E A  NP_001011725.1       100    0.371  40.919   0.000   0.061   0.022   0.917
E H  NP_001011725.1       101    0.638 115.968   0.000   0.049   0.105   0.847
E L  NP_001011725.1       102    0.251  45.912   0.000   0.031   0.128   0.842
E T  NP_001011725.1       103    0.508  70.449   0.000   0.024   0.158   0.818
B V  NP_001011725.1       104    0.092  14.069   0.000   0.006   0.206   0.788
E K  NP_001011725.1       105    0.398  81.825   0.000   0.001   0.163   0.837
E K  NP_001011725.1       106    0.258  53.047   0.000   0.000   0.954   0.046
B I  NP_001011725.1       107    0.011   1.960   0.000   0.000   0.995   0.005
B F  NP_001011725.1       108    0.104  20.780   0.000   0.000   0.998   0.002
B V  NP_001011725.1       109    0.005   0.762   0.000   0.000   0.995   0.005
B G  NP_001011725.1       110    0.076   5.992   0.000   0.000   0.884   0.116
E G  NP_001011725.1       111    0.291  22.897   0.000   0.000   0.113   0.887
B I  NP_001011725.1       112    0.018   3.415   0.000   0.000   0.191   0.808
E K  NP_001011725.1       113    0.428  88.093   0.000   0.001   0.092   0.907
E E  NP_001011725.1       114    0.549  95.982   0.000   0.002   0.000   0.998
E D  NP_001011725.1       115    0.736 106.083   0.000   0.006   0.001   0.994
B T  NP_001011725.1       116    0.064   8.812   0.000   0.003   0.003   0.994
E E  NP_001011725.1       117    0.560  97.839   0.000   0.004   0.022   0.974
E E  NP_001011725.1       118    0.422  73.695   0.000   0.978   0.000   0.022
E H  NP_001011725.1       119    0.604 109.910   0.000   0.986   0.000   0.014
E H  NP_001011725.1       120    0.352  64.035   0.000   0.992   0.000   0.008
B L  NP_001011725.1       121    0.011   2.068   0.000   0.994   0.000   0.006
E R  NP_001011725.1       122    0.384  87.947   0.000   0.996   0.000   0.004
E D  NP_001011725.1       123    0.581  83.651   0.000   0.993   0.000   0.007
B Y  NP_001011725.1       124    0.182  38.817   0.000   0.991   0.000   0.009
B F  NP_001011725.1       125    0.013   2.560   0.000   0.954   0.000   0.046
E E  NP_001011725.1       126    0.583 101.872   0.000   0.702   0.001   0.297
E Q  NP_001011725.1       127    0.693 123.812   0.000   0.422   0.000   0.578
B Y  NP_001011725.1       128    0.159  33.925   0.000   0.520   0.002   0.477
B G  NP_001011725.1       129    0.206  16.234   0.000   0.001   0.026   0.973
E K  NP_001011725.1       130    0.585 120.282   0.000   0.001   0.068   0.932
B I  NP_001011725.1       131    0.086  15.888   0.000   0.000   0.960   0.040
E E  NP_001011725.1       132    0.522  91.265   0.000   0.000   0.970   0.030
E V  NP_001011725.1       133    0.304  46.781   0.000   0.000   0.993   0.006
B I  NP_001011725.1       134    0.136  25.172   0.000   0.000   0.994   0.006
E E  NP_001011725.1       135    0.386  67.414   0.000   0.000   0.998   0.002
B I  NP_001011725.1       136    0.189  34.878   0.000   0.000   0.986   0.013
B M  NP_001011725.1       137    0.229  45.789   0.000   0.001   0.930   0.069
E T  NP_001011725.1       138    0.400  55.493   0.000   0.000   0.926   0.074
E D  NP_001011725.1       139    0.289  41.652   0.000   0.001   0.424   0.575
E R  NP_001011725.1       140    0.674 154.287   0.000   0.006   0.002   0.992
E G  NP_001011725.1       141    0.843  66.357   0.000   0.003   0.001   0.996
E S  NP_001011725.1       142    0.535  62.678   0.000   0.009   0.001   0.990
E G  NP_001011725.1       143    0.576  45.354   0.000   0.002   0.001   0.997
E K  NP_001011725.1       144    0.551 113.306   0.000   0.001   0.098   0.901
E K  NP_001011725.1       145    0.397  81.744   0.000   0.000   0.941   0.059
E R  NP_001011725.1       146    0.342  78.362   0.000   0.000   0.745   0.255
B G  NP_001011725.1       147    0.090   7.112   0.000   0.000   0.792   0.208
B F  NP_001011725.1       148    0.130  26.075   0.000   0.000   0.955   0.045
B A  NP_001011725.1       149    0.008   0.895   0.000   0.000   0.995   0.005
B F  NP_001011725.1       150    0.106  21.237   0.000   0.000   0.996   0.004
B V  NP_001011725.1       151    0.008   1.223   0.000   0.000   0.997   0.003
B T  NP_001011725.1       152    0.133  18.386   0.000   0.000   0.997   0.003
B F  NP_001011725.1       153    0.028   5.550   0.000   0.000   0.912   0.088
E D  NP_001011725.1       154    0.595  85.759   0.000   0.000   0.003   0.996
E D  NP_001011725.1       155    0.462  66.644   0.000   0.001   0.006   0.993
E H  NP_001011725.1       156    0.416  75.711   0.000   0.938   0.001   0.061
E D  NP_001011725.1       157    0.680  97.989   0.000   0.962   0.000   0.038
B S  NP_001011725.1       158    0.104  12.213   0.000   0.987   0.000   0.013
B V  NP_001011725.1       159    0.025   3.858   0.000   0.991   0.000   0.009
E D  NP_001011725.1       160    0.492  70.892   0.000   0.976   0.000   0.024
E K  NP_001011725.1       161    0.492 101.266   0.000   0.950   0.001   0.049
B I  NP_001011725.1       162    0.035   6.499   0.000   0.942   0.001   0.057
B V  NP_001011725.1       163    0.197  30.258   0.000   0.825   0.018   0.156
E I  NP_001011725.1       164    0.523  96.722   0.000   0.685   0.025   0.291
E Q  NP_001011725.1       165    0.424  75.696   0.000   0.447   0.009   0.544
E K  NP_001011725.1       166    0.445  91.500   0.000   0.126   0.016   0.858
E Y  NP_001011725.1       167    0.571 122.034   0.000   0.023   0.023   0.954
E H  NP_001011725.1       168    0.385  70.006   0.000   0.006   0.302   0.692
E T  NP_001011725.1       169    0.618  85.774   0.000   0.001   0.947   0.052
B V  NP_001011725.1       170    0.073  11.290   0.000   0.001   0.981   0.018
E K  NP_001011725.1       171    0.587 120.674   0.000   0.003   0.008   0.989
E G  NP_001011725.1       172    0.816  64.200   0.000   0.004   0.001   0.996
E H  NP_001011725.1       173    0.341  61.993   0.000   0.000   0.965   0.035
E N  NP_001011725.1       174    0.580  84.926   0.000   0.000   0.914   0.085
B C  NP_001011725.1       175    0.061   8.553   0.000   0.001   0.362   0.637
E E  NP_001011725.1       176    0.462  80.773   0.000   0.002   0.838   0.160
B V  NP_001011725.1       177    0.137  21.130   0.000   0.000   0.963   0.037
E R  NP_001011725.1       178    0.445 101.820   0.000   0.001   0.962   0.038
E K  NP_001011725.1       179    0.467  96.068   0.000   0.001   0.910   0.089
B A  NP_001011725.1       180    0.223  24.574   0.000   0.001   0.115   0.883
E L  NP_001011725.1       181    0.551 100.833   0.000   0.001   0.069   0.930
E P  NP_001011725.1       182    0.534  75.825   0.000   0.041   0.066   0.893
E K  NP_001011725.1       183    0.628 129.100   0.000   0.455   0.004   0.541
E Q  NP_001011725.1       184    0.776 138.663   0.000   0.476   0.003   0.521
E E  NP_001011725.1       185    0.571  99.758   0.000   0.520   0.003   0.477
E M  NP_001011725.1       186    0.346  69.250   0.000   0.285   0.004   0.711
E A  NP_001011725.1       187    0.685  75.492   0.000   0.171   0.004   0.825
E S  NP_001011725.1       188    0.785  92.003   0.000   0.086   0.001   0.913
E A  NP_001011725.1       189    0.595  65.555   0.000   0.050   0.001   0.949
E S  NP_001011725.1       190    0.680  79.724   0.000   0.027   0.001   0.972
E S  NP_001011725.1       191    0.714  83.628   0.000   0.023   0.001   0.977
E S  NP_001011725.1       192    0.699  81.958   0.000   0.017   0.001   0.983
E Q  NP_001011725.1       193    0.694 123.933   0.000   0.010   0.001   0.988
E R  NP_001011725.1       194    0.697 159.580   0.000   0.005   0.001   0.994
E G  NP_001011725.1       195    0.707  55.657   0.000   0.003   0.001   0.996
E R  NP_001011725.1       196    0.704 161.327   0.000   0.003   0.002   0.995
E R  NP_001011725.1       197    0.732 167.681   0.000   0.002   0.002   0.997
E G  NP_001011725.1       198    0.720  56.637   0.000   0.001   0.001   0.998
E S  NP_001011725.1       199    0.742  86.936   0.000   0.002   0.001   0.998
E G  NP_001011725.1       200    0.720  56.699   0.000   0.004   0.001   0.995
E N  NP_001011725.1       201    0.739 108.231   0.000   0.004   0.002   0.994
E F  NP_001011725.1       202    0.698 140.121   0.000   0.004   0.003   0.993
E G  NP_001011725.1       203    0.709  55.769   0.000   0.002   0.002   0.996
E G  NP_001011725.1       204    0.740  58.222   0.000   0.002   0.001   0.997
E G  NP_001011725.1       205    0.741  58.308   0.000   0.003   0.001   0.996
E R  NP_001011725.1       206    0.741 169.737   0.000   0.003   0.002   0.995
E G  NP_001011725.1       207    0.742  58.430   0.000   0.003   0.001   0.995
E D  NP_001011725.1       208    0.776 111.814   0.000   0.005   0.002   0.993
E G  NP_001011725.1       209    0.731  57.523   0.000   0.008   0.002   0.990
E F  NP_001011725.1       210    0.733 147.172   0.000   0.006   0.004   0.991
E G  NP_001011725.1       211    0.725  57.094   0.000   0.005   0.002   0.993
E G  NP_001011725.1       212    0.743  58.499   0.000   0.012   0.002   0.986
E N  NP_001011725.1       213    0.765 111.989   0.000   0.010   0.002   0.989
E D  NP_001011725.1       214    0.700 100.844   0.000   0.022   0.004   0.974
E N  NP_001011725.1       215    0.709 103.818   0.000   0.016   0.003   0.981
E F  NP_001011725.1       216    0.650 130.383   0.000   0.012   0.005   0.983
E G  NP_001011725.1       217    0.651  51.269   0.000   0.010   0.004   0.986
E R  NP_001011725.1       218    0.688 157.631   0.000   0.007   0.004   0.989
E G  NP_001011725.1       219    0.682  53.669   0.000   0.009   0.003   0.989
E G  NP_001011725.1       220    0.710  55.911   0.000   0.014   0.003   0.982
E N  NP_001011725.1       221    0.740 108.334   0.000   0.016   0.003   0.981
E F  NP_001011725.1       222    0.633 127.081   0.000   0.023   0.008   0.969
E S  NP_001011725.1       223    0.665  77.944   0.000   0.012   0.003   0.984
E G  NP_001011725.1       224    0.642  50.498   0.000   0.017   0.004   0.979
E R  NP_001011725.1       225    0.661 151.396   0.000   0.009   0.005   0.986
E G  NP_001011725.1       226    0.659  51.869   0.000   0.012   0.004   0.984
E G  NP_001011725.1       227    0.673  52.932   0.000   0.013   0.004   0.983
E F  NP_001011725.1       228    0.681 136.626   0.000   0.011   0.006   0.982
E G  NP_001011725.1       229    0.653  51.364   0.000   0.014   0.004   0.983
E G  NP_001011725.1       230    0.683  53.758   0.000   0.018   0.003   0.979
E S  NP_001011725.1       231    0.709  83.142   0.000   0.017   0.003   0.980
E C  NP_001011725.1       232    0.642  90.082   0.000   0.018   0.006   0.976
E G  NP_001011725.1       233    0.649  51.081   0.000   0.011   0.005   0.984
E G  NP_001011725.1       234    0.678  53.348   0.000   0.008   0.003   0.989
E G  NP_001011725.1       235    0.683  53.734   0.000   0.009   0.004   0.987
E G  NP_001011725.1       236    0.666  52.417   0.000   0.014   0.006   0.980
E Y  NP_001011725.1       237    0.669 143.014   0.000   0.014   0.011   0.975
E G  NP_001011725.1       238    0.647  50.948   0.000   0.012   0.006   0.982
E G  NP_001011725.1       239    0.683  53.786   0.000   0.014   0.005   0.981
E S  NP_001011725.1       240    0.712  83.434   0.000   0.014   0.004   0.982
E G  NP_001011725.1       241    0.696  54.777   0.000   0.022   0.004   0.974
E D  NP_001011725.1       242    0.737 106.165   0.000   0.025   0.005   0.970
E G  NP_001011725.1       243    0.656  51.633   0.000   0.040   0.005   0.955
E Y  NP_001011725.1       244    0.628 134.295   0.000   0.044   0.016   0.940
E N  NP_001011725.1       245    0.668  97.815   0.000   0.042   0.009   0.949
E G  NP_001011725.1       246    0.601  47.308   0.000   0.048   0.007   0.945
E F  NP_001011725.1       247    0.622 124.851   0.000   0.033   0.010   0.957
E G  NP_001011725.1       248    0.609  47.918   0.000   0.047   0.008   0.945
E N  NP_001011725.1       249    0.700 102.461   0.000   0.043   0.005   0.951
E D  NP_001011725.1       250    0.656  94.600   0.000   0.041   0.004   0.955
E G  NP_001011725.1       251    0.599  47.121   0.000   0.058   0.004   0.938
E S  NP_001011725.1       252    0.618  72.415   0.000   0.060   0.008   0.933
E N  NP_001011725.1       253    0.634  92.829   0.000   0.060   0.011   0.929
E F  NP_001011725.1       254    0.542 108.804   0.000   0.039   0.011   0.950
E G  NP_001011725.1       255    0.551  43.343   0.000   0.026   0.008   0.966
E G  NP_001011725.1       256    0.596  46.912   0.000   0.030   0.006   0.964
E G  NP_001011725.1       257    0.632  49.721   0.000   0.025   0.005   0.970
E G  NP_001011725.1       258    0.625  49.171   0.000   0.040   0.008   0.952
E S  NP_001011725.1       259    0.576  67.527   0.000   0.050   0.011   0.939
E Y  NP_001011725.1       260    0.554 118.322   0.000   0.087   0.019   0.894
E N  NP_001011725.1       261    0.559  81.790   0.000   0.079   0.017   0.904
E D  NP_001011725.1       262    0.488  70.376   0.000   0.102   0.020   0.877
E F  NP_001011725.1       263    0.473  95.007   0.000   0.056   0.011   0.932
E G  NP_001011725.1       264    0.472  37.141   0.000   0.081   0.018   0.901
E N  NP_001011725.1       265    0.499  73.016   0.000   0.064   0.013   0.923
E Y  NP_001011725.1       266    0.471 100.603   0.000   0.144   0.014   0.842
E N  NP_001011725.1       267    0.563  82.450   0.000   0.135   0.011   0.855
E N  NP_001011725.1       268    0.532  77.825   0.000   0.125   0.016   0.859
E Q  NP_001011725.1       269    0.403  72.005   0.000   0.089   0.030   0.881
E S  NP_001011725.1       270    0.413  48.391   0.000   0.109   0.027   0.864
E S  NP_001011725.1       271    0.361  42.361   0.000   0.105   0.024   0.871
E N  NP_001011725.1       272    0.406  59.365   0.000   0.100   0.023   0.877
E F  NP_001011725.1       273    0.377  75.660   0.000   0.061   0.020   0.919
E G  NP_001011725.1       274    0.271  21.332   0.000   0.071   0.026   0.904
E P  NP_001011725.1       275    0.423  59.990   0.000   0.089   0.015   0.897
E M  NP_001011725.1       276    0.334  66.784   0.000   0.075   0.027   0.898
E K  NP_001011725.1       277    0.516 106.093   0.000   0.056   0.022   0.922
E G  NP_001011725.1       278    0.412  32.396   0.000   0.052   0.012   0.936
E G  NP_001011725.1       279    0.375  29.540   0.000   0.076   0.021   0.904
E N  NP_001011725.1       280    0.448  65.554   0.000   0.057   0.019   0.924
E F  NP_001011725.1       281    0.368  73.817   0.000   0.045   0.020   0.935
E G  NP_001011725.1       282    0.370  29.083   0.000   0.039   0.016   0.946
E G  NP_001011725.1       283    0.390  30.698   0.000   0.053   0.016   0.931
E R  NP_001011725.1       284    0.465 106.419   0.000   0.041   0.024   0.936
E S  NP_001011725.1       285    0.392  45.917   0.000   0.039   0.030   0.931
E S  NP_001011725.1       286    0.354  41.503   0.000   0.022   0.019   0.960
E G  NP_001011725.1       287    0.268  21.082   0.000   0.044   0.029   0.927
E P  NP_001011725.1       288    0.406  57.576   0.000   0.067   0.023   0.910
E Y  NP_001011725.1       289    0.385  82.175   0.000   0.057   0.043   0.901
E G  NP_001011725.1       290    0.271  21.318   0.000   0.050   0.032   0.917
E G  NP_001011725.1       291    0.290  22.843   0.000   0.053   0.028   0.920
E G  NP_001011725.1       292    0.336  26.413   0.000   0.064   0.023   0.913
E G  NP_001011725.1       293    0.366  28.803   0.000   0.097   0.027   0.876
E Q  NP_001011725.1       294    0.435  77.651   0.000   0.153   0.038   0.809
E Y  NP_001011725.1       295    0.396  84.524   0.000   0.159   0.045   0.795
E F  NP_001011725.1       296    0.447  89.750   0.000   0.108   0.036   0.856
E A  NP_001011725.1       297    0.340  37.419   0.000   0.070   0.042   0.888
E K  NP_001011725.1       298    0.538 110.643   0.000   0.019   0.031   0.951
E P  NP_001011725.1       299    0.422  59.879   0.000   0.130   0.022   0.848
E Q  NP_001011725.1       300    0.536  95.767   0.000   0.194   0.030   0.776
E N  NP_001011725.1       301    0.473  69.213   0.000   0.164   0.032   0.805
E Q  NP_001011725.1       302    0.318  56.844   0.000   0.059   0.033   0.908
E G  NP_001011725.1       303    0.308  24.231   0.000   0.040   0.038   0.922
E G  NP_001011725.1       304    0.257  20.254   0.000   0.046   0.036   0.918
E Y  NP_001011725.1       305    0.369  78.863   0.000   0.041   0.041   0.919
E G  NP_001011725.1       306    0.359  28.227   0.000   0.031   0.026   0.943
E V  NP_001011725.1       307    0.316  48.505   0.000   0.040   0.063   0.898
E S  NP_001011725.1       308    0.387  45.344   0.000   0.066   0.048   0.886
E S  NP_001011725.1       309    0.354  41.456   0.000   0.081   0.031   0.888
E S  NP_001011725.1       310    0.360  42.193   0.000   0.085   0.037   0.878
E S  NP_001011725.1       311    0.334  39.192   0.000   0.066   0.028   0.906
E S  NP_001011725.1       312    0.336  39.351   0.000   0.095   0.034   0.871
E S  NP_001011725.1       313    0.290  34.041   0.000   0.094   0.044   0.862
E Y  NP_001011725.1       314    0.328  70.065   0.000   0.062   0.049   0.889
E G  NP_001011725.1       315    0.310  24.401   0.000   0.055   0.032   0.913
E S  NP_001011725.1       316    0.298  34.873   0.000   0.067   0.030   0.903
E G  NP_001011725.1       317    0.304  23.944   0.000   0.079   0.037   0.884
E R  NP_001011725.1       318    0.329  75.252   0.000   0.069   0.069   0.862
E R  NP_001011725.1       319    0.396  90.712   0.000   0.039   0.074   0.887
E F  NP_001011725.1       320    0.505 101.283   0.000   0.001   0.001   0.998
