# For publication of results, please cite:
# ...
# ... Michael Schantz Klausen, Martin Closter Jespersen, Henrik Nielsen, Kamilla Kjærgaard Jensen, 
# ... Vanessa Isabell Jurtz, Casper Kaae Sønderby, Morten Otto Alexander Sommer, Ole Winther, 
# ... Morten Nielsen, Bent Petersen, and Paolo Marcatili. 
# ... NetSurfP-2.0: Improved prediction of protein structural features by integrated deep learning.
# ... Proteins: Structure, Function, and Bioinformatics (Feb. 2019).
# ... https://doi.org/10.1002/prot.25674
# ...
#
# Column 1: Class assignment - B for buried or E for Exposed - Threshold: 25% exposure, but not based on RSA
# Column 2: Amino acid
# Column 3: Sequence name
# Column 4: Amino acid number
# Column 5: Relative Surface Accessibility - RSA
# Column 6: Absolute Surface Accessibility
# Column 7: Not used
# Column 8: Probability for Alpha-Helix
# Column 9: Probability for Beta-strand
# Column 10: Probability for Coil
E M  NP_002127.1            1    0.855 171.095   0.000   0.000   0.000   1.000
E S  NP_002127.1            2    0.865 101.331   0.000   0.000   0.000   1.000
E K  NP_002127.1            3    0.798 164.133   0.000   0.001   0.000   0.998
E S  NP_002127.1            4    0.782  91.634   0.000   0.003   0.001   0.996
E E  NP_002127.1            5    0.779 136.007   0.000   0.005   0.001   0.993
E S  NP_002127.1            6    0.626  73.330   0.000   0.001   0.001   0.998
E P  NP_002127.1            7    0.573  81.380   0.000   0.004   0.001   0.995
E K  NP_002127.1            8    0.653 134.284   0.000   0.009   0.004   0.987
E E  NP_002127.1            9    0.611 106.690   0.000   0.005   0.002   0.993
E P  NP_002127.1           10    0.494  70.036   0.000   0.390   0.002   0.609
E E  NP_002127.1           11    0.712 124.397   0.000   0.467   0.011   0.523
E Q  NP_002127.1           12    0.622 111.140   0.000   0.385   0.049   0.566
B L  NP_002127.1           13    0.198  36.211   0.000   0.067   0.142   0.791
E R  NP_002127.1           14    0.367  84.147   0.000   0.017   0.306   0.678
E K  NP_002127.1           15    0.326  66.983   0.000   0.001   0.927   0.072
B L  NP_002127.1           16    0.018   3.229   0.000   0.000   0.988   0.012
B F  NP_002127.1           17    0.100  20.003   0.000   0.000   0.997   0.003
B I  NP_002127.1           18    0.006   1.081   0.000   0.000   0.995   0.005
B G  NP_002127.1           19    0.060   4.725   0.000   0.000   0.912   0.088
B G  NP_002127.1           20    0.246  19.343   0.000   0.000   0.180   0.820
B L  NP_002127.1           21    0.019   3.543   0.000   0.001   0.190   0.809
B S  NP_002127.1           22    0.186  21.813   0.000   0.001   0.065   0.934
E F  NP_002127.1           23    0.434  87.044   0.000   0.001   0.001   0.998
E E  NP_002127.1           24    0.752 131.360   0.000   0.004   0.001   0.996
B T  NP_002127.1           25    0.058   8.080   0.000   0.001   0.002   0.997
E T  NP_002127.1           26    0.405  56.164   0.000   0.001   0.009   0.991
E D  NP_002127.1           27    0.466  67.187   0.000   0.989   0.000   0.011
E E  NP_002127.1           28    0.716 125.049   0.000   0.994   0.000   0.006
E S  NP_002127.1           29    0.314  36.751   0.000   0.995   0.000   0.005
B L  NP_002127.1           30    0.014   2.507   0.000   0.995   0.000   0.004
E R  NP_002127.1           31    0.399  91.448   0.000   0.995   0.000   0.005
E S  NP_002127.1           32    0.560  65.657   0.000   0.980   0.000   0.020
B H  NP_002127.1           33    0.241  43.804   0.000   0.956   0.000   0.044
B F  NP_002127.1           34    0.020   3.918   0.000   0.826   0.001   0.172
E E  NP_002127.1           35    0.617 107.737   0.000   0.601   0.002   0.397
E Q  NP_002127.1           36    0.753 134.472   0.000   0.377   0.001   0.622
B W  NP_002127.1           37    0.120  28.939   0.000   0.506   0.002   0.491
B G  NP_002127.1           38    0.215  16.904   0.000   0.001   0.035   0.964
E T  NP_002127.1           39    0.494  68.489   0.000   0.000   0.062   0.938
B L  NP_002127.1           40    0.102  18.763   0.000   0.000   0.967   0.033
E T  NP_002127.1           41    0.476  65.971   0.000   0.000   0.984   0.016
E D  NP_002127.1           42    0.438  63.095   0.000   0.000   0.996   0.003
B C  NP_002127.1           43    0.102  14.262   0.000   0.000   0.996   0.004
B V  NP_002127.1           44    0.244  37.538   0.000   0.000   0.998   0.002
B V  NP_002127.1           45    0.210  32.304   0.000   0.000   0.986   0.014
B M  NP_002127.1           46    0.234  46.885   0.000   0.001   0.929   0.071
E R  NP_002127.1           47    0.468 107.226   0.000   0.000   0.967   0.033
B D  NP_002127.1           48    0.204  29.336   0.000   0.000   0.279   0.721
E P  NP_002127.1           49    0.602  85.471   0.000   0.002   0.000   0.997
E N  NP_002127.1           50    0.865 126.676   0.000   0.002   0.000   0.998
E T  NP_002127.1           51    0.467  64.743   0.000   0.006   0.000   0.994
E K  NP_002127.1           52    0.623 128.219   0.000   0.000   0.001   0.999
E R  NP_002127.1           53    0.542 124.155   0.000   0.001   0.306   0.693
B S  NP_002127.1           54    0.209  24.552   0.000   0.000   0.911   0.089
E R  NP_002127.1           55    0.406  92.888   0.000   0.000   0.553   0.447
B G  NP_002127.1           56    0.119   9.368   0.000   0.000   0.699   0.301
B F  NP_002127.1           57    0.153  30.681   0.000   0.000   0.945   0.055
B G  NP_002127.1           58    0.009   0.725   0.000   0.000   0.995   0.005
B F  NP_002127.1           59    0.110  22.044   0.000   0.000   0.996   0.004
B V  NP_002127.1           60    0.007   1.125   0.000   0.000   0.997   0.003
B T  NP_002127.1           61    0.138  19.078   0.000   0.000   0.998   0.002
B Y  NP_002127.1           62    0.032   6.778   0.000   0.000   0.911   0.089
E A  NP_002127.1           63    0.375  41.321   0.000   0.000   0.003   0.997
E T  NP_002127.1           64    0.376  52.187   0.000   0.000   0.011   0.989
E V  NP_002127.1           65    0.339  52.177   0.000   0.989   0.000   0.010
E E  NP_002127.1           66    0.728 127.127   0.000   0.994   0.000   0.006
E E  NP_002127.1           67    0.256  44.700   0.000   0.998   0.000   0.002
B V  NP_002127.1           68    0.011   1.639   0.000   0.999   0.000   0.001
E D  NP_002127.1           69    0.442  63.653   0.000   0.999   0.000   0.001
E A  NP_002127.1           70    0.370  40.765   0.000   0.997   0.000   0.003
B A  NP_002127.1           71    0.013   1.457   0.000   0.995   0.000   0.005
B M  NP_002127.1           72    0.136  27.128   0.000   0.970   0.000   0.029
E N  NP_002127.1           73    0.808 118.249   0.000   0.871   0.000   0.129
E A  NP_002127.1           74    0.454  50.064   0.000   0.646   0.000   0.353
E R  NP_002127.1           75    0.402  91.963   0.000   0.005   0.007   0.988
E P  NP_002127.1           76    0.523  74.199   0.000   0.004   0.003   0.993
E H  NP_002127.1           77    0.286  51.954   0.000   0.004   0.371   0.625
E K  NP_002127.1           78    0.564 115.978   0.000   0.000   0.982   0.018
B V  NP_002127.1           79    0.065   9.958   0.000   0.000   0.990   0.009
E D  NP_002127.1           80    0.548  78.916   0.000   0.001   0.006   0.993
E G  NP_002127.1           81    0.796  62.648   0.000   0.003   0.001   0.996
E R  NP_002127.1           82    0.474 108.604   0.000   0.000   0.993   0.007
E V  NP_002127.1           83    0.471  72.407   0.000   0.000   0.979   0.021
B V  NP_002127.1           84    0.053   8.207   0.000   0.001   0.151   0.848
E E  NP_002127.1           85    0.582 101.620   0.000   0.001   0.146   0.853
B P  NP_002127.1           86    0.165  23.355   0.000   0.026   0.321   0.654
E K  NP_002127.1           87    0.526 108.183   0.000   0.013   0.800   0.187
E R  NP_002127.1           88    0.428  97.964   0.000   0.006   0.898   0.095
B A  NP_002127.1           89    0.167  18.420   0.000   0.007   0.305   0.689
E V  NP_002127.1           90    0.449  69.072   0.000   0.009   0.281   0.710
E S  NP_002127.1           91    0.412  48.310   0.000   0.018   0.159   0.823
E R  NP_002127.1           92    0.477 109.201   0.000   0.164   0.030   0.805
E E  NP_002127.1           93    0.698 122.020   0.000   0.216   0.016   0.769
E D  NP_002127.1           94    0.519  74.825   0.000   0.276   0.010   0.715
E S  NP_002127.1           95    0.370  43.324   0.000   0.176   0.012   0.812
E Q  NP_002127.1           96    0.649 115.891   0.000   0.090   0.014   0.895
E R  NP_002127.1           97    0.497 113.743   0.000   0.003   0.010   0.987
E P  NP_002127.1           98    0.675  95.715   0.000   0.018   0.004   0.978
E G  NP_002127.1           99    0.677  53.318   0.000   0.030   0.005   0.965
E A  NP_002127.1          100    0.361  39.747   0.000   0.054   0.025   0.921
E H  NP_002127.1          101    0.632 115.042   0.000   0.043   0.130   0.827
B L  NP_002127.1          102    0.245  44.921   0.000   0.028   0.161   0.811
E T  NP_002127.1          103    0.500  69.377   0.000   0.022   0.196   0.782
B V  NP_002127.1          104    0.086  13.208   0.000   0.005   0.234   0.761
E K  NP_002127.1          105    0.398  81.883   0.000   0.001   0.168   0.831
E K  NP_002127.1          106    0.258  53.004   0.000   0.000   0.955   0.045
B I  NP_002127.1          107    0.010   1.887   0.000   0.000   0.995   0.005
B F  NP_002127.1          108    0.096  19.214   0.000   0.000   0.998   0.002
B V  NP_002127.1          109    0.005   0.777   0.000   0.000   0.995   0.005
B G  NP_002127.1          110    0.072   5.659   0.000   0.000   0.877   0.123
E G  NP_002127.1          111    0.285  22.395   0.000   0.000   0.112   0.888
B I  NP_002127.1          112    0.018   3.394   0.000   0.000   0.190   0.810
E K  NP_002127.1          113    0.430  88.401   0.000   0.001   0.094   0.905
E E  NP_002127.1          114    0.558  97.553   0.000   0.002   0.000   0.997
E D  NP_002127.1          115    0.740 106.677   0.000   0.006   0.001   0.993
B T  NP_002127.1          116    0.066   9.206   0.000   0.003   0.003   0.994
E E  NP_002127.1          117    0.560  97.871   0.000   0.004   0.024   0.972
E E  NP_002127.1          118    0.419  73.127   0.000   0.978   0.000   0.022
E H  NP_002127.1          119    0.605 110.120   0.000   0.986   0.000   0.014
E H  NP_002127.1          120    0.351  63.897   0.000   0.992   0.000   0.008
B L  NP_002127.1          121    0.010   1.915   0.000   0.994   0.000   0.006
E R  NP_002127.1          122    0.379  86.684   0.000   0.996   0.000   0.004
E D  NP_002127.1          123    0.579  83.392   0.000   0.993   0.000   0.007
B Y  NP_002127.1          124    0.183  39.081   0.000   0.990   0.000   0.010
B F  NP_002127.1          125    0.012   2.391   0.000   0.952   0.000   0.048
E E  NP_002127.1          126    0.579 101.067   0.000   0.715   0.001   0.284
E Q  NP_002127.1          127    0.696 124.260   0.000   0.432   0.000   0.568
B Y  NP_002127.1          128    0.156  33.274   0.000   0.516   0.002   0.482
B G  NP_002127.1          129    0.206  16.234   0.000   0.001   0.025   0.974
E K  NP_002127.1          130    0.579 119.014   0.000   0.001   0.064   0.935
B I  NP_002127.1          131    0.081  14.941   0.000   0.000   0.962   0.038
E E  NP_002127.1          132    0.514  89.858   0.000   0.000   0.972   0.028
E V  NP_002127.1          133    0.295  45.283   0.000   0.000   0.994   0.006
B I  NP_002127.1          134    0.127  23.456   0.000   0.000   0.995   0.005
E E  NP_002127.1          135    0.375  65.589   0.000   0.000   0.998   0.002
B I  NP_002127.1          136    0.178  32.984   0.000   0.000   0.987   0.013
B M  NP_002127.1          137    0.221  44.151   0.000   0.001   0.937   0.062
E T  NP_002127.1          138    0.386  53.565   0.000   0.000   0.929   0.071
E D  NP_002127.1          139    0.290  41.731   0.000   0.001   0.445   0.554
E R  NP_002127.1          140    0.663 151.795   0.000   0.006   0.002   0.992
E G  NP_002127.1          141    0.847  66.662   0.000   0.003   0.001   0.996
E S  NP_002127.1          142    0.542  63.557   0.000   0.009   0.001   0.990
E G  NP_002127.1          143    0.571  44.930   0.000   0.002   0.001   0.997
E K  NP_002127.1          144    0.549 112.847   0.000   0.001   0.104   0.895
E K  NP_002127.1          145    0.385  79.273   0.000   0.000   0.946   0.054
E R  NP_002127.1          146    0.334  76.425   0.000   0.000   0.760   0.240
B G  NP_002127.1          147    0.083   6.548   0.000   0.000   0.821   0.178
B F  NP_002127.1          148    0.118  23.726   0.000   0.000   0.964   0.036
B A  NP_002127.1          149    0.007   0.780   0.000   0.000   0.996   0.004
B F  NP_002127.1          150    0.098  19.638   0.000   0.000   0.997   0.003
B V  NP_002127.1          151    0.007   1.074   0.000   0.000   0.997   0.003
B T  NP_002127.1          152    0.133  18.431   0.000   0.000   0.998   0.002
B F  NP_002127.1          153    0.027   5.427   0.000   0.000   0.912   0.088
E D  NP_002127.1          154    0.591  85.215   0.000   0.000   0.003   0.996
E D  NP_002127.1          155    0.464  66.825   0.000   0.001   0.006   0.993
E H  NP_002127.1          156    0.416  75.655   0.000   0.948   0.001   0.051
E D  NP_002127.1          157    0.683  98.384   0.000   0.967   0.000   0.033
B S  NP_002127.1          158    0.101  11.894   0.000   0.989   0.000   0.011
B V  NP_002127.1          159    0.022   3.412   0.000   0.992   0.000   0.008
E D  NP_002127.1          160    0.477  68.784   0.000   0.983   0.000   0.017
E K  NP_002127.1          161    0.489 100.568   0.000   0.964   0.001   0.035
B I  NP_002127.1          162    0.032   6.000   0.000   0.952   0.001   0.047
B V  NP_002127.1          163    0.183  28.201   0.000   0.865   0.012   0.123
E I  NP_002127.1          164    0.529  97.944   0.000   0.735   0.017   0.247
E Q  NP_002127.1          165    0.450  80.447   0.000   0.486   0.007   0.506
E K  NP_002127.1          166    0.448  92.084   0.000   0.158   0.015   0.827
E Y  NP_002127.1          167    0.565 120.668   0.000   0.020   0.020   0.960
E H  NP_002127.1          168    0.381  69.302   0.000   0.004   0.252   0.744
E T  NP_002127.1          169    0.623  86.365   0.000   0.000   0.961   0.039
B V  NP_002127.1          170    0.067  10.253   0.000   0.000   0.989   0.011
E N  NP_002127.1          171    0.523  76.621   0.000   0.002   0.004   0.995
E G  NP_002127.1          172    0.794  62.502   0.000   0.004   0.000   0.996
E H  NP_002127.1          173    0.356  64.761   0.000   0.000   0.983   0.017
E N  NP_002127.1          174    0.580  84.848   0.000   0.000   0.926   0.074
B C  NP_002127.1          175    0.052   7.285   0.000   0.002   0.280   0.718
E E  NP_002127.1          176    0.464  81.138   0.000   0.003   0.800   0.197
B V  NP_002127.1          177    0.138  21.222   0.000   0.001   0.962   0.037
E R  NP_002127.1          178    0.445 101.856   0.000   0.001   0.957   0.042
E K  NP_002127.1          179    0.489 100.596   0.000   0.002   0.904   0.094
E A  NP_002127.1          180    0.258  28.435   0.000   0.007   0.111   0.882
E L  NP_002127.1          181    0.605 110.845   0.000   0.015   0.081   0.904
E S  NP_002127.1          182    0.517  60.592   0.000   0.054   0.040   0.906
E K  NP_002127.1          183    0.620 127.593   0.000   0.515   0.004   0.481
E Q  NP_002127.1          184    0.743 132.689   0.000   0.548   0.002   0.450
E E  NP_002127.1          185    0.496  86.703   0.000   0.596   0.004   0.400
E M  NP_002127.1          186    0.270  54.070   0.000   0.473   0.005   0.521
E A  NP_002127.1          187    0.664  73.160   0.000   0.306   0.003   0.692
E S  NP_002127.1          188    0.762  89.304   0.000   0.148   0.001   0.850
E A  NP_002127.1          189    0.507  55.919   0.000   0.082   0.001   0.917
E S  NP_002127.1          190    0.639  74.939   0.000   0.049   0.003   0.948
E S  NP_002127.1          191    0.699  81.980   0.000   0.042   0.002   0.956
E S  NP_002127.1          192    0.677  79.388   0.000   0.030   0.001   0.969
E Q  NP_002127.1          193    0.647 115.474   0.000   0.020   0.002   0.978
E R  NP_002127.1          194    0.653 149.496   0.000   0.008   0.002   0.990
E G  NP_002127.1          195    0.657  51.708   0.000   0.005   0.001   0.994
E R  NP_002127.1          196    0.669 153.158   0.000   0.004   0.002   0.994
E S  NP_002127.1          197    0.716  83.930   0.000   0.002   0.001   0.997
E G  NP_002127.1          198    0.707  55.603   0.000   0.001   0.001   0.998
E S  NP_002127.1          199    0.718  84.149   0.000   0.002   0.001   0.998
E G  NP_002127.1          200    0.702  55.253   0.000   0.004   0.001   0.995
E N  NP_002127.1          201    0.717 105.009   0.000   0.004   0.002   0.994
E F  NP_002127.1          202    0.681 136.723   0.000   0.004   0.003   0.993
E G  NP_002127.1          203    0.691  54.417   0.000   0.002   0.001   0.996
E G  NP_002127.1          204    0.721  56.721   0.000   0.002   0.001   0.997
E G  NP_002127.1          205    0.719  56.567   0.000   0.003   0.001   0.996
E R  NP_002127.1          206    0.715 163.732   0.000   0.003   0.003   0.995
E G  NP_002127.1          207    0.708  55.741   0.000   0.003   0.002   0.996
E G  NP_002127.1          208    0.735  57.806   0.000   0.004   0.002   0.994
E G  NP_002127.1          209    0.729  57.369   0.000   0.007   0.002   0.991
E F  NP_002127.1          210    0.724 145.271   0.000   0.007   0.004   0.988
E G  NP_002127.1          211    0.715  56.293   0.000   0.006   0.002   0.991
E G  NP_002127.1          212    0.729  57.383   0.000   0.013   0.002   0.985
E N  NP_002127.1          213    0.753 110.233   0.000   0.011   0.002   0.987
E D  NP_002127.1          214    0.690  99.375   0.000   0.025   0.004   0.971
E N  NP_002127.1          215    0.693 101.383   0.000   0.016   0.003   0.981
E F  NP_002127.1          216    0.631 126.642   0.000   0.014   0.005   0.981
E G  NP_002127.1          217    0.628  49.452   0.000   0.012   0.005   0.984
E R  NP_002127.1          218    0.671 153.604   0.000   0.008   0.004   0.988
E G  NP_002127.1          219    0.666  52.401   0.000   0.009   0.003   0.988
E G  NP_002127.1          220    0.691  54.354   0.000   0.015   0.003   0.981
E N  NP_002127.1          221    0.716 104.817   0.000   0.017   0.003   0.980
E F  NP_002127.1          222    0.618 124.021   0.000   0.022   0.007   0.971
E S  NP_002127.1          223    0.652  76.450   0.000   0.011   0.003   0.985
E G  NP_002127.1          224    0.615  48.438   0.000   0.015   0.004   0.981
E R  NP_002127.1          225    0.649 148.614   0.000   0.007   0.005   0.988
E G  NP_002127.1          226    0.638  50.193   0.000   0.011   0.004   0.985
E G  NP_002127.1          227    0.658  51.804   0.000   0.014   0.005   0.982
E F  NP_002127.1          228    0.675 135.564   0.000   0.012   0.005   0.983
E G  NP_002127.1          229    0.649  51.081   0.000   0.013   0.003   0.983
E G  NP_002127.1          230    0.680  53.498   0.000   0.016   0.002   0.982
E S  NP_002127.1          231    0.690  80.827   0.000   0.016   0.003   0.982
E R  NP_002127.1          232    0.668 152.941   0.000   0.014   0.005   0.981
E G  NP_002127.1          233    0.646  50.823   0.000   0.012   0.003   0.985
E G  NP_002127.1          234    0.680  53.553   0.000   0.009   0.002   0.988
E G  NP_002127.1          235    0.683  53.742   0.000   0.011   0.003   0.986
E G  NP_002127.1          236    0.654  51.480   0.000   0.019   0.005   0.976
E Y  NP_002127.1          237    0.658 140.664   0.000   0.015   0.010   0.975
E G  NP_002127.1          238    0.617  48.532   0.000   0.015   0.007   0.978
E G  NP_002127.1          239    0.656  51.603   0.000   0.018   0.005   0.978
E S  NP_002127.1          240    0.690  80.877   0.000   0.017   0.004   0.979
E G  NP_002127.1          241    0.672  52.852   0.000   0.026   0.004   0.970
E D  NP_002127.1          242    0.706 101.749   0.000   0.029   0.005   0.966
E G  NP_002127.1          243    0.626  49.259   0.000   0.043   0.005   0.952
E Y  NP_002127.1          244    0.593 126.777   0.000   0.046   0.016   0.938
E N  NP_002127.1          245    0.636  93.098   0.000   0.045   0.010   0.945
E G  NP_002127.1          246    0.558  43.903   0.000   0.050   0.008   0.942
E F  NP_002127.1          247    0.582 116.713   0.000   0.033   0.012   0.955
E G  NP_002127.1          248    0.562  44.207   0.000   0.052   0.010   0.938
E N  NP_002127.1          249    0.660  96.644   0.000   0.049   0.006   0.945
E D  NP_002127.1          250    0.608  87.595   0.000   0.043   0.005   0.952
E G  NP_002127.1          251    0.546  42.978   0.000   0.066   0.005   0.929
E S  NP_002127.1          252    0.575  67.410   0.000   0.079   0.009   0.911
E N  NP_002127.1          253    0.577  84.478   0.000   0.077   0.014   0.909
E F  NP_002127.1          254    0.504 101.071   0.000   0.048   0.013   0.940
E G  NP_002127.1          255    0.489  38.476   0.000   0.031   0.010   0.958
E G  NP_002127.1          256    0.527  41.470   0.000   0.037   0.009   0.953
E G  NP_002127.1          257    0.574  45.200   0.000   0.037   0.007   0.956
E G  NP_002127.1          258    0.566  44.528   0.000   0.058   0.013   0.929
E S  NP_002127.1          259    0.499  58.485   0.000   0.075   0.019   0.906
E Y  NP_002127.1          260    0.494 105.543   0.000   0.131   0.026   0.842
E N  NP_002127.1          261    0.489  71.555   0.000   0.101   0.022   0.877
E D  NP_002127.1          262    0.401  57.757   0.000   0.117   0.028   0.856
E F  NP_002127.1          263    0.396  79.454   0.000   0.069   0.016   0.914
E G  NP_002127.1          264    0.388  30.535   0.000   0.095   0.023   0.881
E N  NP_002127.1          265    0.433  63.389   0.000   0.071   0.019   0.910
E Y  NP_002127.1          266    0.413  88.332   0.000   0.154   0.020   0.826
E N  NP_002127.1          267    0.500  73.188   0.000   0.140   0.013   0.847
E N  NP_002127.1          268    0.454  66.395   0.000   0.147   0.021   0.832
E Q  NP_002127.1          269    0.340  60.777   0.000   0.113   0.050   0.838
E S  NP_002127.1          270    0.314  36.855   0.000   0.131   0.044   0.825
E S  NP_002127.1          271    0.283  33.114   0.000   0.126   0.037   0.837
E N  NP_002127.1          272    0.325  47.622   0.000   0.103   0.032   0.864
E F  NP_002127.1          273    0.308  61.857   0.000   0.065   0.025   0.909
B G  NP_002127.1          274    0.214  16.854   0.000   0.061   0.030   0.908
E P  NP_002127.1          275    0.355  50.371   0.000   0.085   0.020   0.896
E M  NP_002127.1          276    0.283  56.597   0.000   0.076   0.031   0.893
E K  NP_002127.1          277    0.482  99.205   0.000   0.063   0.025   0.912
E G  NP_002127.1          278    0.322  25.347   0.000   0.051   0.017   0.932
E G  NP_002127.1          279    0.312  24.524   0.000   0.076   0.029   0.895
E N  NP_002127.1          280    0.385  56.304   0.000   0.059   0.024   0.916
E F  NP_002127.1          281    0.330  66.189   0.000   0.055   0.027   0.918
E G  NP_002127.1          282    0.314  24.726   0.000   0.044   0.019   0.937
E G  NP_002127.1          283    0.334  26.294   0.000   0.058   0.020   0.922
E R  NP_002127.1          284    0.419  96.060   0.000   0.048   0.028   0.923
E S  NP_002127.1          285    0.336  39.403   0.000   0.043   0.034   0.923
E S  NP_002127.1          286    0.316  36.982   0.000   0.023   0.022   0.955
B G  NP_002127.1          287    0.224  17.612   0.000   0.039   0.032   0.929
E P  NP_002127.1          288    0.381  54.039   0.000   0.071   0.023   0.906
E Y  NP_002127.1          289    0.344  73.589   0.000   0.062   0.043   0.895
B G  NP_002127.1          290    0.243  19.105   0.000   0.053   0.034   0.913
E G  NP_002127.1          291    0.261  20.575   0.000   0.052   0.033   0.916
E G  NP_002127.1          292    0.306  24.108   0.000   0.058   0.026   0.916
E G  NP_002127.1          293    0.331  26.056   0.000   0.091   0.032   0.877
E Q  NP_002127.1          294    0.411  73.351   0.000   0.149   0.041   0.810
E Y  NP_002127.1          295    0.372  79.591   0.000   0.160   0.051   0.789
E F  NP_002127.1          296    0.420  84.380   0.000   0.113   0.036   0.851
E A  NP_002127.1          297    0.343  37.773   0.000   0.085   0.045   0.870
E K  NP_002127.1          298    0.523 107.523   0.000   0.017   0.034   0.949
E P  NP_002127.1          299    0.446  63.322   0.000   0.096   0.026   0.878
E R  NP_002127.1          300    0.467 107.039   0.000   0.152   0.036   0.813
E N  NP_002127.1          301    0.476  69.635   0.000   0.125   0.028   0.847
E Q  NP_002127.1          302    0.332  59.360   0.000   0.049   0.034   0.918
E G  NP_002127.1          303    0.276  21.754   0.000   0.032   0.034   0.934
B G  NP_002127.1          304    0.237  18.689   0.000   0.033   0.036   0.930
E Y  NP_002127.1          305    0.359  76.751   0.000   0.030   0.046   0.924
E G  NP_002127.1          306    0.326  25.662   0.000   0.022   0.018   0.961
E G  NP_002127.1          307    0.304  23.960   0.000   0.037   0.022   0.941
E S  NP_002127.1          308    0.370  43.378   0.000   0.065   0.023   0.912
E S  NP_002127.1          309    0.339  39.681   0.000   0.092   0.020   0.889
E S  NP_002127.1          310    0.340  39.795   0.000   0.106   0.032   0.862
E S  NP_002127.1          311    0.278  32.624   0.000   0.086   0.027   0.888
E S  NP_002127.1          312    0.275  32.193   0.000   0.137   0.035   0.828
B S  NP_002127.1          313    0.238  27.859   0.000   0.137   0.044   0.819
E Y  NP_002127.1          314    0.296  63.213   0.000   0.086   0.051   0.863
B G  NP_002127.1          315    0.244  19.165   0.000   0.078   0.034   0.888
B S  NP_002127.1          316    0.222  26.066   0.000   0.118   0.033   0.849
B G  NP_002127.1          317    0.249  19.569   0.000   0.117   0.046   0.837
E R  NP_002127.1          318    0.282  64.672   0.000   0.098   0.084   0.818
E R  NP_002127.1          319    0.332  76.062   0.000   0.050   0.100   0.849
E F  NP_002127.1          320    0.455  91.367   0.000   0.002   0.001   0.997
