# For publication of results, please cite:
# ...
# ... Michael Schantz Klausen, Martin Closter Jespersen, Henrik Nielsen, Kamilla Kjærgaard Jensen, 
# ... Vanessa Isabell Jurtz, Casper Kaae Sønderby, Morten Otto Alexander Sommer, Ole Winther, 
# ... Morten Nielsen, Bent Petersen, and Paolo Marcatili. 
# ... NetSurfP-2.0: Improved prediction of protein structural features by integrated deep learning.
# ... Proteins: Structure, Function, and Bioinformatics (Feb. 2019).
# ... https://doi.org/10.1002/prot.25674
# ...
#
# Column 1: Class assignment - B for buried or E for Exposed - Threshold: 25% exposure, but not based on RSA
# Column 2: Amino acid
# Column 3: Sequence name
# Column 4: Amino acid number
# Column 5: Relative Surface Accessibility - RSA
# Column 6: Absolute Surface Accessibility
# Column 7: Not used
# Column 8: Probability for Alpha-Helix
# Column 9: Probability for Beta-strand
# Column 10: Probability for Coil
E M  NP_001138575.1         1    0.838 167.607   0.000   0.000   0.000   1.000
E S  NP_001138575.1         2    0.875 102.603   0.000   0.000   0.001   0.999
E C  NP_001138575.1         3    0.660  92.719   0.000   0.002   0.005   0.994
E L  NP_001138575.1         4    0.617 113.005   0.000   0.001   0.010   0.989
E H  NP_001138575.1         5    0.545  99.212   0.000   0.001   0.008   0.991
E P  NP_001138575.1         6    0.633  89.783   0.000   0.020   0.006   0.974
E R  NP_001138575.1         7    0.664 151.943   0.000   0.011   0.006   0.983
E Q  NP_001138575.1         8    0.565 100.901   0.000   0.018   0.026   0.956
E T  NP_001138575.1         9    0.632  87.594   0.000   0.013   0.024   0.964
E W  NP_001138575.1        10    0.495 118.980   0.000   0.023   0.049   0.928
E K  NP_001138575.1        11    0.632 130.048   0.000   0.029   0.031   0.940
E G  NP_001138575.1        12    0.467  36.761   0.000   0.046   0.031   0.923
E A  NP_001138575.1        13    0.510  56.182   0.000   0.062   0.022   0.916
E A  NP_001138575.1        14    0.467  51.445   0.000   0.074   0.036   0.890
E L  NP_001138575.1        15    0.451  82.585   0.000   0.055   0.044   0.901
E V  NP_001138575.1        16    0.579  89.027   0.000   0.021   0.031   0.948
E H  NP_001138575.1        17    0.659 119.885   0.000   0.031   0.049   0.920
E R  NP_001138575.1        18    0.507 116.016   0.000   0.018   0.086   0.896
E K  NP_001138575.1        19    0.498 102.436   0.000   0.008   0.194   0.798
B A  NP_001138575.1        20    0.086   9.472   0.000   0.003   0.599   0.398
B W  NP_001138575.1        21    0.078  18.823   0.000   0.002   0.936   0.062
B W  NP_001138575.1        22    0.240  57.601   0.000   0.001   0.952   0.047
B M  NP_001138575.1        23    0.047   9.488   0.000   0.001   0.848   0.151
B G  NP_001138575.1        24    0.219  17.254   0.000   0.003   0.530   0.467
E R  NP_001138575.1        25    0.303  69.310   0.000   0.003   0.436   0.560
E S  NP_001138575.1        26    0.262  30.747   0.000   0.006   0.151   0.843
E L  NP_001138575.1        27    0.473  86.516   0.000   0.021   0.024   0.955
E D  NP_001138575.1        28    0.611  88.045   0.000   0.031   0.006   0.962
E G  NP_001138575.1        29    0.314  24.741   0.000   0.026   0.007   0.967
E R  NP_001138575.1        30    0.463 105.987   0.000   0.019   0.075   0.906
B L  NP_001138575.1        31    0.209  38.359   0.000   0.016   0.666   0.318
E Q  NP_001138575.1        32    0.316  56.509   0.000   0.031   0.431   0.538
E V  NP_001138575.1        33    0.256  39.422   0.000   0.049   0.377   0.574
E S  NP_001138575.1        34    0.385  45.135   0.000   0.059   0.100   0.841
E H  NP_001138575.1        35    0.607 110.323   0.000   0.037   0.083   0.880
E R  NP_001138575.1        36    0.503 115.226   0.000   0.021   0.181   0.798
E K  NP_001138575.1        37    0.580 119.246   0.000   0.029   0.250   0.721
E G  NP_001138575.1        38    0.253  19.945   0.000   0.023   0.242   0.735
E L  NP_001138575.1        39    0.289  52.922   0.000   0.017   0.142   0.840
B P  NP_001138575.1        40    0.107  15.246   0.000   0.024   0.192   0.784
B H  NP_001138575.1        41    0.134  24.379   0.000   0.082   0.561   0.357
B V  NP_001138575.1        42    0.061   9.423   0.000   0.086   0.847   0.067
B I  NP_001138575.1        43    0.027   4.941   0.000   0.062   0.920   0.019
B Y  NP_001138575.1        44    0.061  13.083   0.000   0.050   0.931   0.019
B C  NP_001138575.1        45    0.007   1.034   0.000   0.026   0.962   0.012
B R  NP_001138575.1        46    0.196  44.790   0.000   0.047   0.881   0.072
B L  NP_001138575.1        47    0.020   3.743   0.000   0.176   0.710   0.114
B W  NP_001138575.1        48    0.124  29.930   0.000   0.125   0.643   0.232
B R  NP_001138575.1        49    0.192  44.040   0.000   0.070   0.455   0.475
B W  NP_001138575.1        50    0.105  25.323   0.000   0.004   0.047   0.949
E P  NP_001138575.1        51    0.470  66.669   0.000   0.017   0.004   0.979
E D  NP_001138575.1        52    0.648  93.336   0.000   0.014   0.002   0.984
B L  NP_001138575.1        53    0.069  12.707   0.000   0.024   0.008   0.968
E H  NP_001138575.1        54    0.613 111.470   0.000   0.007   0.001   0.992
E S  NP_001138575.1        55    0.425  49.809   0.000   0.025   0.022   0.953
E H  NP_001138575.1        56    0.458  83.325   0.000   0.877   0.001   0.122
E H  NP_001138575.1        57    0.678 123.364   0.000   0.826   0.004   0.170
E E  NP_001138575.1        58    0.360  62.978   0.000   0.807   0.021   0.172
B L  NP_001138575.1        59    0.072  13.150   0.000   0.042   0.576   0.383
E R  NP_001138575.1        60    0.497 113.902   0.000   0.018   0.828   0.154
E A  NP_001138575.1        61    0.390  42.941   0.000   0.009   0.872   0.119
B M  NP_001138575.1        62    0.093  18.600   0.000   0.050   0.226   0.724
E E  NP_001138575.1        63    0.698 121.978   0.000   0.162   0.105   0.733
E L  NP_001138575.1        64    0.333  60.885   0.000   0.138   0.212   0.651
B C  NP_001138575.1        65    0.052   7.307   0.000   0.067   0.156   0.776
E E  NP_001138575.1        66    0.563  98.354   0.000   0.252   0.057   0.691
E F  NP_001138575.1        67    0.302  60.525   0.000   0.268   0.067   0.665
B A  NP_001138575.1        68    0.128  14.105   0.000   0.470   0.022   0.508
B F  NP_001138575.1        69    0.242  48.631   0.000   0.328   0.019   0.653
E N  NP_001138575.1        70    0.568  83.195   0.000   0.217   0.019   0.764
E M  NP_001138575.1        71    0.382  76.478   0.000   0.074   0.006   0.920
E K  NP_001138575.1        72    0.769 158.125   0.000   0.022   0.005   0.973
E K  NP_001138575.1        73    0.451  92.733   0.000   0.041   0.014   0.946
E D  NP_001138575.1        74    0.657  94.725   0.000   0.021   0.017   0.962
E E  NP_001138575.1        75    0.328  57.238   0.000   0.014   0.675   0.311
B V  NP_001138575.1        76    0.048   7.347   0.000   0.001   0.932   0.067
B C  NP_001138575.1        77    0.046   6.468   0.000   0.000   0.917   0.082
B V  NP_001138575.1        78    0.022   3.349   0.000   0.001   0.792   0.207
B N  NP_001138575.1        79    0.059   8.645   0.000   0.001   0.094   0.906
B P  NP_001138575.1        80    0.074  10.540   0.000   0.330   0.047   0.623
E Y  NP_001138575.1        81    0.280  59.829   0.000   0.297   0.043   0.661
B H  NP_001138575.1        82    0.204  37.082   0.000   0.349   0.089   0.562
B Y  NP_001138575.1        83    0.082  17.560   0.000   0.006   0.734   0.260
E Q  NP_001138575.1        84    0.463  82.668   0.000   0.001   0.946   0.052
E R  NP_001138575.1        85    0.368  84.211   0.000   0.001   0.972   0.027
E V  NP_001138575.1        86    0.262  40.260   0.000   0.003   0.746   0.252
E E  NP_001138575.1        87    0.561  98.044   0.000   0.002   0.609   0.389
E T  NP_001138575.1        88    0.477  66.200   0.000   0.001   0.147   0.852
E P  NP_001138575.1        89    0.516  73.195   0.000   0.001   0.037   0.962
E V  NP_001138575.1        90    0.586  90.060   0.000   0.001   0.037   0.963
E L  NP_001138575.1        91    0.277  50.713   0.000   0.001   0.048   0.951
E P  NP_001138575.1        92    0.363  51.526   0.000   0.000   0.004   0.996
E P  NP_001138575.1        93    0.408  57.946   0.000   0.003   0.016   0.982
E V  NP_001138575.1        94    0.335  51.542   0.000   0.007   0.219   0.775
E L  NP_001138575.1        95    0.313  57.392   0.000   0.005   0.213   0.782
B V  NP_001138575.1        96    0.245  37.710   0.000   0.002   0.344   0.655
E P  NP_001138575.1        97    0.363  51.529   0.000   0.006   0.213   0.782
E R  NP_001138575.1        98    0.527 120.731   0.000   0.020   0.050   0.930
E H  NP_001138575.1        99    0.591 107.584   0.000   0.034   0.036   0.930
E T  NP_001138575.1       100    0.398  55.137   0.000   0.058   0.024   0.918
E E  NP_001138575.1       101    0.787 137.502   0.000   0.038   0.017   0.946
E I  NP_001138575.1       102    0.305  56.476   0.000   0.004   0.006   0.990
E P  NP_001138575.1       103    0.417  59.206   0.000   0.016   0.002   0.982
E A  NP_001138575.1       104    0.834  91.934   0.000   0.098   0.002   0.900
E E  NP_001138575.1       105    0.724 126.426   0.000   0.076   0.010   0.914
E F  NP_001138575.1       106    0.268  53.870   0.000   0.007   0.011   0.982
E P  NP_001138575.1       107    0.461  65.350   0.000   0.007   0.001   0.991
E P  NP_001138575.1       108    0.518  73.449   0.000   0.024   0.018   0.958
E L  NP_001138575.1       109    0.413  75.672   0.000   0.166   0.016   0.818
E D  NP_001138575.1       110    0.731 105.266   0.000   0.161   0.007   0.832
E D  NP_001138575.1       111    0.639  92.026   0.000   0.175   0.009   0.816
E Y  NP_001138575.1       112    0.396  84.577   0.000   0.117   0.013   0.870
E S  NP_001138575.1       113    0.589  68.975   0.000   0.124   0.014   0.862
E H  NP_001138575.1       114    0.658 119.613   0.000   0.095   0.009   0.896
E S  NP_001138575.1       115    0.611  71.628   0.000   0.062   0.019   0.919
E I  NP_001138575.1       116    0.312  57.723   0.000   0.002   0.012   0.986
E P  NP_001138575.1       117    0.396  56.255   0.000   0.005   0.007   0.988
E E  NP_001138575.1       118    0.782 136.667   0.000   0.019   0.013   0.968
E N  NP_001138575.1       119    0.697 102.100   0.000   0.013   0.006   0.981
E T  NP_001138575.1       120    0.327  45.340   0.000   0.014   0.035   0.951
E N  NP_001138575.1       121    0.719 105.312   0.000   0.006   0.064   0.931
E F  NP_001138575.1       122    0.280  56.254   0.000   0.002   0.014   0.984
E P  NP_001138575.1       123    0.432  61.367   0.000   0.008   0.007   0.986
E A  NP_001138575.1       124    0.843  92.950   0.000   0.012   0.003   0.985
E G  NP_001138575.1       125    0.802  63.113   0.000   0.006   0.002   0.992
E I  NP_001138575.1       126    0.385  71.158   0.000   0.005   0.012   0.984
E E  NP_001138575.1       127    0.704 122.937   0.000   0.001   0.022   0.976
E P  NP_001138575.1       128    0.540  76.656   0.000   0.006   0.020   0.974
E Q  NP_001138575.1       129    0.552  98.511   0.000   0.009   0.032   0.958
E S  NP_001138575.1       130    0.507  59.370   0.000   0.022   0.028   0.950
E N  NP_001138575.1       131    0.762 111.589   0.000   0.013   0.009   0.978
E I  NP_001138575.1       132    0.368  68.066   0.000   0.002   0.008   0.991
E P  NP_001138575.1       133    0.503  71.381   0.000   0.003   0.004   0.992
E E  NP_001138575.1       134    0.793 138.564   0.000   0.006   0.010   0.984
E T  NP_001138575.1       135    0.551  76.479   0.000   0.000   0.010   0.989
E P  NP_001138575.1       136    0.423  60.028   0.000   0.000   0.001   0.999
E P  NP_001138575.1       137    0.434  61.645   0.000   0.001   0.000   0.999
E P  NP_001138575.1       138    0.721 102.254   0.000   0.015   0.002   0.983
E G  NP_001138575.1       139    0.634  49.931   0.000   0.011   0.004   0.984
E Y  NP_001138575.1       140    0.461  98.439   0.000   0.019   0.035   0.946
E L  NP_001138575.1       141    0.565 103.531   0.000   0.008   0.022   0.970
E S  NP_001138575.1       142    0.575  67.434   0.000   0.003   0.011   0.986
E E  NP_001138575.1       143    0.799 139.558   0.000   0.003   0.002   0.995
E D  NP_001138575.1       144    0.838 120.789   0.000   0.001   0.000   0.998
E G  NP_001138575.1       145    0.675  53.094   0.000   0.001   0.000   0.999
E E  NP_001138575.1       146    0.721 125.964   0.000   0.001   0.000   0.999
E T  NP_001138575.1       147    0.697  96.643   0.000   0.001   0.002   0.997
E S  NP_001138575.1       148    0.664  77.787   0.000   0.001   0.001   0.998
E D  NP_001138575.1       149    0.756 108.900   0.000   0.003   0.001   0.997
E H  NP_001138575.1       150    0.682 124.128   0.000   0.001   0.000   0.998
E Q  NP_001138575.1       151    0.702 125.290   0.000   0.001   0.001   0.998
E M  NP_001138575.1       152    0.627 125.372   0.000   0.001   0.001   0.998
E N  NP_001138575.1       153    0.704 103.007   0.000   0.001   0.001   0.998
E H  NP_001138575.1       154    0.702 127.624   0.000   0.001   0.001   0.998
E S  NP_001138575.1       155    0.646  75.655   0.000   0.002   0.001   0.997
E M  NP_001138575.1       156    0.612 122.529   0.000   0.001   0.001   0.998
E D  NP_001138575.1       157    0.705 101.551   0.000   0.004   0.002   0.995
E A  NP_001138575.1       158    0.656  72.317   0.000   0.001   0.000   0.998
E G  NP_001138575.1       159    0.690  54.269   0.000   0.000   0.000   0.999
E S  NP_001138575.1       160    0.576  67.552   0.000   0.000   0.001   0.999
E P  NP_001138575.1       161    0.693  98.364   0.000   0.002   0.001   0.997
E N  NP_001138575.1       162    0.768 112.473   0.000   0.002   0.001   0.997
E L  NP_001138575.1       163    0.576 105.550   0.000   0.003   0.003   0.994
E S  NP_001138575.1       164    0.606  71.027   0.000   0.000   0.003   0.997
E P  NP_001138575.1       165    0.644  91.342   0.000   0.000   0.003   0.996
E N  NP_001138575.1       166    0.624  91.355   0.000   0.000   0.003   0.997
E P  NP_001138575.1       167    0.617  87.611   0.000   0.001   0.002   0.997
E M  NP_001138575.1       168    0.567 113.399   0.000   0.001   0.003   0.996
E S  NP_001138575.1       169    0.516  60.498   0.000   0.001   0.005   0.995
E P  NP_001138575.1       170    0.635  90.170   0.000   0.012   0.004   0.983
E A  NP_001138575.1       171    0.621  68.464   0.000   0.016   0.007   0.977
E H  NP_001138575.1       172    0.617 112.158   0.000   0.023   0.023   0.955
E N  NP_001138575.1       173    0.641  93.862   0.000   0.028   0.018   0.955
E N  NP_001138575.1       174    0.750 109.859   0.000   0.029   0.019   0.952
E L  NP_001138575.1       175    0.519  94.995   0.000   0.034   0.053   0.913
E D  NP_001138575.1       176    0.711 102.458   0.000   0.039   0.096   0.865
E L  NP_001138575.1       177    0.339  62.002   0.000   0.010   0.179   0.811
E Q  NP_001138575.1       178    0.615 109.809   0.000   0.003   0.349   0.648
E P  NP_001138575.1       179    0.574  81.437   0.000   0.003   0.391   0.605
E V  NP_001138575.1       180    0.275  42.288   0.000   0.009   0.198   0.793
E T  NP_001138575.1       181    0.635  88.105   0.000   0.023   0.264   0.712
E Y  NP_001138575.1       182    0.397  84.931   0.000   0.015   0.264   0.721
E C  NP_001138575.1       183    0.476  66.789   0.000   0.007   0.190   0.803
E E  NP_001138575.1       184    0.496  86.705   0.000   0.004   0.067   0.929
E P  NP_001138575.1       185    0.420  59.555   0.000   0.090   0.048   0.861
E A  NP_001138575.1       186    0.476  52.509   0.000   0.115   0.055   0.830
B F  NP_001138575.1       187    0.229  45.915   0.000   0.103   0.287   0.610
B W  NP_001138575.1       188    0.116  27.996   0.000   0.015   0.612   0.372
B C  NP_001138575.1       189    0.009   1.214   0.000   0.001   0.955   0.044
B S  NP_001138575.1       190    0.096  11.271   0.000   0.000   0.993   0.007
B I  NP_001138575.1       191    0.009   1.584   0.000   0.000   0.997   0.002
B S  NP_001138575.1       192    0.037   4.292   0.000   0.001   0.997   0.002
B Y  NP_001138575.1       193    0.038   8.033   0.000   0.001   0.998   0.001
B Y  NP_001138575.1       194    0.064  13.642   0.000   0.002   0.992   0.006
B E  NP_001138575.1       195    0.089  15.531   0.000   0.001   0.950   0.048
B L  NP_001138575.1       196    0.214  39.190   0.000   0.006   0.134   0.861
E N  NP_001138575.1       197    0.454  66.500   0.000   0.002   0.174   0.825
E Q  NP_001138575.1       198    0.487  86.992   0.000   0.001   0.816   0.183
E R  NP_001138575.1       199    0.346  79.192   0.000   0.000   0.906   0.093
B V  NP_001138575.1       200    0.196  30.177   0.000   0.000   0.633   0.367
B G  NP_001138575.1       201    0.195  15.372   0.000   0.000   0.718   0.282
E E  NP_001138575.1       202    0.577 100.731   0.000   0.000   0.734   0.265
E T  NP_001138575.1       203    0.351  48.637   0.000   0.001   0.811   0.188
B F  NP_001138575.1       204    0.150  30.121   0.000   0.000   0.988   0.012
E H  NP_001138575.1       205    0.566 102.960   0.000   0.000   0.966   0.034
B A  NP_001138575.1       206    0.024   2.696   0.000   0.001   0.378   0.621
E S  NP_001138575.1       207    0.577  67.586   0.000   0.001   0.089   0.910
E Q  NP_001138575.1       208    0.464  82.866   0.000   0.001   0.040   0.959
E P  NP_001138575.1       209    0.388  55.029   0.000   0.001   0.047   0.952
B S  NP_001138575.1       210    0.166  19.489   0.000   0.000   0.888   0.111
B M  NP_001138575.1       211    0.028   5.507   0.000   0.000   0.980   0.019
B T  NP_001138575.1       212    0.208  28.898   0.000   0.000   0.990   0.010
B V  NP_001138575.1       213    0.012   1.915   0.000   0.000   0.976   0.024
B D  NP_001138575.1       214    0.247  35.583   0.000   0.001   0.674   0.326
B G  NP_001138575.1       215    0.072   5.687   0.000   0.002   0.288   0.711
B F  NP_001138575.1       216    0.146  29.363   0.000   0.003   0.519   0.478
E T  NP_001138575.1       217    0.319  44.262   0.000   0.004   0.385   0.612
E D  NP_001138575.1       218    0.287  41.307   0.000   0.001   0.176   0.823
E P  NP_001138575.1       219    0.396  56.201   0.000   0.075   0.006   0.919
E S  NP_001138575.1       220    0.543  63.670   0.000   0.100   0.007   0.893
E N  NP_001138575.1       221    0.491  71.833   0.000   0.088   0.060   0.852
E S  NP_001138575.1       222    0.335  39.223   0.000   0.046   0.039   0.914
E E  NP_001138575.1       223    0.546  95.326   0.000   0.035   0.056   0.909
B R  NP_001138575.1       224    0.245  56.097   0.000   0.024   0.535   0.440
B F  NP_001138575.1       225    0.033   6.654   0.000   0.001   0.906   0.093
B C  NP_001138575.1       226    0.027   3.742   0.000   0.001   0.914   0.085
B L  NP_001138575.1       227    0.017   3.022   0.000   0.290   0.304   0.405
B G  NP_001138575.1       228    0.078   6.177   0.000   0.381   0.327   0.292
B L  NP_001138575.1       229    0.194  35.610   0.000   0.370   0.229   0.401
B L  NP_001138575.1       230    0.058  10.646   0.000   0.078   0.234   0.689
E S  NP_001138575.1       231    0.328  38.399   0.000   0.051   0.091   0.858
E N  NP_001138575.1       232    0.254  37.240   0.000   0.040   0.044   0.916
E V  NP_001138575.1       233    0.386  59.261   0.000   0.084   0.012   0.904
E N  NP_001138575.1       234    0.557  81.495   0.000   0.070   0.005   0.925
E R  NP_001138575.1       235    0.340  77.942   0.000   0.043   0.005   0.952
E N  NP_001138575.1       236    0.477  69.799   0.000   0.129   0.001   0.870
E A  NP_001138575.1       237    0.688  75.804   0.000   0.983   0.000   0.017
E A  NP_001138575.1       238    0.286  31.559   0.000   0.989   0.000   0.011
B V  NP_001138575.1       239    0.039   5.926   0.000   0.995   0.000   0.005
E E  NP_001138575.1       240    0.440  76.903   0.000   0.997   0.000   0.003
E L  NP_001138575.1       241    0.397  72.755   0.000   0.996   0.000   0.004
B T  NP_001138575.1       242    0.027   3.761   0.000   0.995   0.000   0.004
B R  NP_001138575.1       243    0.212  48.629   0.000   0.991   0.000   0.009
E R  NP_001138575.1       244    0.546 125.139   0.000   0.930   0.000   0.070
E H  NP_001138575.1       245    0.301  54.704   0.000   0.813   0.002   0.186
B I  NP_001138575.1       246    0.049   9.138   0.000   0.612   0.042   0.346
B G  NP_001138575.1       247    0.152  11.983   0.000   0.158   0.027   0.816
E R  NP_001138575.1       248    0.499 114.293   0.000   0.091   0.078   0.831
B G  NP_001138575.1       249    0.076   5.977   0.000   0.031   0.169   0.799
B V  NP_001138575.1       250    0.022   3.414   0.000   0.000   0.911   0.089
E R  NP_001138575.1       251    0.338  77.448   0.000   0.000   0.990   0.009
B L  NP_001138575.1       252    0.041   7.533   0.000   0.000   0.994   0.006
E Y  NP_001138575.1       253    0.277  59.254   0.000   0.000   0.997   0.003
E Y  NP_001138575.1       254    0.274  58.525   0.000   0.000   0.990   0.010
E I  NP_001138575.1       255    0.334  61.771   0.000   0.002   0.942   0.056
E G  NP_001138575.1       256    0.853  67.150   0.000   0.008   0.004   0.988
E G  NP_001138575.1       257    0.625  49.199   0.000   0.009   0.001   0.991
E E  NP_001138575.1       258    0.426  74.441   0.000   0.001   0.910   0.090
B V  NP_001138575.1       259    0.037   5.723   0.000   0.000   0.985   0.015
B F  NP_001138575.1       260    0.096  19.332   0.000   0.000   0.996   0.004
B A  NP_001138575.1       261    0.004   0.440   0.000   0.000   0.998   0.002
B E  NP_001138575.1       262    0.215  37.496   0.000   0.000   0.996   0.004
B C  NP_001138575.1       263    0.026   3.666   0.000   0.000   0.961   0.039
E L  NP_001138575.1       264    0.263  48.068   0.000   0.003   0.137   0.860
B S  NP_001138575.1       265    0.047   5.498   0.000   0.001   0.062   0.937
E D  NP_001138575.1       266    0.736 106.041   0.000   0.000   0.002   0.997
B S  NP_001138575.1       267    0.165  19.383   0.000   0.000   0.027   0.973
B A  NP_001138575.1       268    0.054   5.962   0.000   0.000   0.205   0.795
B I  NP_001138575.1       269    0.006   1.108   0.000   0.000   0.975   0.025
B F  NP_001138575.1       270    0.046   9.187   0.000   0.000   0.984   0.016
B V  NP_001138575.1       271    0.005   0.750   0.000   0.000   0.983   0.017
B Q  NP_001138575.1       272    0.124  22.210   0.000   0.001   0.875   0.125
B S  NP_001138575.1       273    0.012   1.351   0.000   0.005   0.214   0.780
B P  NP_001138575.1       274    0.164  23.232   0.000   0.515   0.016   0.469
B N  NP_001138575.1       275    0.223  32.589   0.000   0.402   0.022   0.576
B C  NP_001138575.1       276    0.030   4.219   0.000   0.804   0.014   0.183
B N  NP_001138575.1       277    0.076  11.092   0.000   0.740   0.029   0.231
E Q  NP_001138575.1       278    0.534  95.363   0.000   0.787   0.010   0.203
E R  NP_001138575.1       279    0.638 146.012   0.000   0.688   0.014   0.298
E Y  NP_001138575.1       280    0.418  89.325   0.000   0.528   0.007   0.465
E G  NP_001138575.1       281    0.580  45.668   0.000   0.014   0.016   0.970
B W  NP_001138575.1       282    0.218  52.365   0.000   0.006   0.123   0.871
E H  NP_001138575.1       283    0.456  82.957   0.000   0.003   0.025   0.972
E P  NP_001138575.1       284    0.264  37.435   0.000   0.479   0.033   0.488
E A  NP_001138575.1       285    0.470  51.740   0.000   0.506   0.039   0.455
B T  NP_001138575.1       286    0.217  30.040   0.000   0.549   0.093   0.358
B V  NP_001138575.1       287    0.065  10.054   0.000   0.008   0.767   0.226
B C  NP_001138575.1       288    0.118  16.602   0.000   0.003   0.979   0.018
E K  NP_001138575.1       289    0.300  61.759   0.000   0.000   0.993   0.006
B I  NP_001138575.1       290    0.022   4.013   0.000   0.000   0.895   0.105
B P  NP_001138575.1       291    0.224  31.807   0.000   0.000   0.014   0.985
E P  NP_001138575.1       292    0.389  55.257   0.000   0.003   0.008   0.989
E G  NP_001138575.1       293    0.364  28.616   0.000   0.002   0.014   0.984
B C  NP_001138575.1       294    0.083  11.589   0.000   0.001   0.280   0.719
B N  NP_001138575.1       295    0.116  17.048   0.000   0.000   0.934   0.065
B L  NP_001138575.1       296    0.009   1.621   0.000   0.000   0.996   0.004
B K  NP_001138575.1       297    0.089  18.241   0.000   0.000   0.999   0.001
B I  NP_001138575.1       298    0.008   1.482   0.000   0.000   0.995   0.005
B F  NP_001138575.1       299    0.072  14.381   0.000   0.000   0.858   0.142
B N  NP_001138575.1       300    0.245  35.851   0.000   0.001   0.451   0.548
B N  NP_001138575.1       301    0.240  35.133   0.000   0.900   0.001   0.099
E Q  NP_001138575.1       302    0.665 118.843   0.000   0.966   0.001   0.033
E E  NP_001138575.1       303    0.446  77.937   0.000   0.977   0.001   0.022
B F  NP_001138575.1       304    0.047   9.412   0.000   0.987   0.000   0.013
E A  NP_001138575.1       305    0.288  31.690   0.000   0.995   0.000   0.005
E A  NP_001138575.1       306    0.517  56.994   0.000   0.992   0.000   0.008
B L  NP_001138575.1       307    0.187  34.242   0.000   0.991   0.000   0.009
B L  NP_001138575.1       308    0.098  17.923   0.000   0.979   0.000   0.021
E A  NP_001138575.1       309    0.440  48.495   0.000   0.964   0.000   0.036
E Q  NP_001138575.1       310    0.521  92.979   0.000   0.934   0.000   0.065
B S  NP_001138575.1       311    0.088  10.307   0.000   0.941   0.001   0.059
E V  NP_001138575.1       312    0.371  57.001   0.000   0.885   0.004   0.112
E N  NP_001138575.1       313    0.789 115.462   0.000   0.873   0.001   0.126
E Q  NP_001138575.1       314    0.587 104.768   0.000   0.500   0.002   0.498
E G  NP_001138575.1       315    0.460  36.196   0.000   0.143   0.001   0.855
E F  NP_001138575.1       316    0.421  84.428   0.000   0.344   0.013   0.643
E E  NP_001138575.1       317    0.737 128.817   0.000   0.673   0.005   0.322
B A  NP_001138575.1       318    0.212  23.343   0.000   0.737   0.006   0.258
B V  NP_001138575.1       319    0.137  21.075   0.000   0.854   0.015   0.132
E Y  NP_001138575.1       320    0.422  90.161   0.000   0.889   0.010   0.101
E Q  NP_001138575.1       321    0.464  82.809   0.000   0.912   0.004   0.083
B L  NP_001138575.1       322    0.067  12.305   0.000   0.886   0.007   0.107
E T  NP_001138575.1       323    0.258  35.800   0.000   0.806   0.020   0.174
E R  NP_001138575.1       324    0.414  94.826   0.000   0.649   0.040   0.310
B M  NP_001138575.1       325    0.167  33.445   0.000   0.274   0.140   0.586
B C  NP_001138575.1       326    0.035   4.946   0.000   0.026   0.438   0.536
B T  NP_001138575.1       327    0.059   8.190   0.000   0.001   0.938   0.061
B I  NP_001138575.1       328    0.011   1.967   0.000   0.000   0.994   0.006
B R  NP_001138575.1       329    0.124  28.504   0.000   0.000   0.998   0.002
B M  NP_001138575.1       330    0.008   1.677   0.000   0.000   0.996   0.004
B S  NP_001138575.1       331    0.034   3.947   0.000   0.001   0.982   0.018
B F  NP_001138575.1       332    0.042   8.352   0.000   0.001   0.923   0.076
B V  NP_001138575.1       333    0.059   9.027   0.000   0.002   0.847   0.151
B K  NP_001138575.1       334    0.248  51.093   0.000   0.008   0.584   0.407
B G  NP_001138575.1       335    0.248  19.541   0.000   0.009   0.099   0.892
B W  NP_001138575.1       336    0.246  59.155   0.000   0.018   0.125   0.857
E G  NP_001138575.1       337    0.342  26.905   0.000   0.065   0.013   0.922
E A  NP_001138575.1       338    0.699  77.081   0.000   0.061   0.002   0.937
E E  NP_001138575.1       339    0.781 136.426   0.000   0.060   0.002   0.938
B Y  NP_001138575.1       340    0.179  38.259   0.000   0.037   0.018   0.946
E R  NP_001138575.1       341    0.708 162.044   0.000   0.012   0.018   0.970
E R  NP_001138575.1       342    0.348  79.805   0.000   0.063   0.028   0.908
E Q  NP_001138575.1       343    0.537  95.943   0.000   0.144   0.021   0.836
E T  NP_001138575.1       344    0.337  46.803   0.000   0.240   0.088   0.672
B V  NP_001138575.1       345    0.044   6.785   0.000   0.839   0.008   0.153
E T  NP_001138575.1       346    0.263  36.448   0.000   0.838   0.007   0.156
E S  NP_001138575.1       347    0.514  60.259   0.000   0.720   0.006   0.275
B T  NP_001138575.1       348    0.045   6.234   0.000   0.001   0.006   0.993
B P  NP_001138575.1       349    0.208  29.541   0.000   0.002   0.069   0.929
B C  NP_001138575.1       350    0.012   1.664   0.000   0.001   0.878   0.122
B W  NP_001138575.1       351    0.096  23.155   0.000   0.001   0.983   0.016
B I  NP_001138575.1       352    0.006   1.141   0.000   0.000   0.999   0.001
B E  NP_001138575.1       353    0.058  10.129   0.000   0.000   0.999   0.000
B L  NP_001138575.1       354    0.008   1.514   0.000   0.000   0.997   0.002
B H  NP_001138575.1       355    0.139  25.224   0.000   0.000   0.988   0.012
B L  NP_001138575.1       356    0.041   7.523   0.000   0.027   0.665   0.308
B N  NP_001138575.1       357    0.195  28.532   0.000   0.318   0.086   0.596
B G  NP_001138575.1       358    0.163  12.840   0.000   0.930   0.002   0.068
B P  NP_001138575.1       359    0.056   7.939   0.000   0.957   0.003   0.041
B L  NP_001138575.1       360    0.065  11.918   0.000   0.968   0.003   0.030
E Q  NP_001138575.1       361    0.484  86.452   0.000   0.988   0.001   0.011
B W  NP_001138575.1       362    0.145  34.847   0.000   0.989   0.001   0.010
B L  NP_001138575.1       363    0.030   5.578   0.000   0.994   0.000   0.006
E D  NP_001138575.1       364    0.306  44.139   0.000   0.997   0.000   0.002
E K  NP_001138575.1       365    0.502 103.243   0.000   0.996   0.000   0.004
B V  NP_001138575.1       366    0.076  11.627   0.000   0.997   0.000   0.003
B L  NP_001138575.1       367    0.084  15.318   0.000   0.984   0.000   0.016
E T  NP_001138575.1       368    0.597  82.854   0.000   0.929   0.000   0.071
E Q  NP_001138575.1       369    0.593 105.838   0.000   0.761   0.001   0.238
B M  NP_001138575.1       370    0.187  37.477   0.000   0.342   0.003   0.655
E G  NP_001138575.1       371    0.531  41.823   0.000   0.014   0.007   0.979
E S  NP_001138575.1       372    0.264  30.912   0.000   0.002   0.008   0.989
E P  NP_001138575.1       373    0.429  60.835   0.000   0.039   0.008   0.952
E S  NP_001138575.1       374    0.662  77.613   0.000   0.077   0.033   0.890
E I  NP_001138575.1       375    0.318  58.910   0.000   0.055   0.076   0.869
E R  NP_001138575.1       376    0.602 137.970   0.000   0.036   0.250   0.714
B C  NP_001138575.1       377    0.228  32.053   0.000   0.033   0.235   0.732
E S  NP_001138575.1       378    0.452  52.952   0.000   0.042   0.296   0.662
E S  NP_001138575.1       379    0.442  51.813   0.000   0.040   0.321   0.638
E V  NP_001138575.1       380    0.385  59.186   0.000   0.023   0.238   0.739
E S  NP_001138575.1       381    0.815  95.497   0.000   0.000   0.002   0.998
