# For publication of results, please cite:
# ...
# ... Michael Schantz Klausen, Martin Closter Jespersen, Henrik Nielsen, Kamilla Kjærgaard Jensen, 
# ... Vanessa Isabell Jurtz, Casper Kaae Sønderby, Morten Otto Alexander Sommer, Ole Winther, 
# ... Morten Nielsen, Bent Petersen, and Paolo Marcatili. 
# ... NetSurfP-2.0: Improved prediction of protein structural features by integrated deep learning.
# ... Proteins: Structure, Function, and Bioinformatics (Feb. 2019).
# ... https://doi.org/10.1002/prot.25674
# ...
#
# Column 1: Class assignment - B for buried or E for Exposed - Threshold: 25% exposure, but not based on RSA
# Column 2: Amino acid
# Column 3: Sequence name
# Column 4: Amino acid number
# Column 5: Relative Surface Accessibility - RSA
# Column 6: Absolute Surface Accessibility
# Column 7: Not used
# Column 8: Probability for Alpha-Helix
# Column 9: Probability for Beta-strand
# Column 10: Probability for Coil
E M  NP_001138576.1         1    0.903 180.764   0.000   0.000   0.000   1.000
E N  NP_001138576.1         2    0.883 129.305   0.000   0.000   0.000   1.000
E H  NP_001138576.1         3    0.803 146.096   0.000   0.000   0.000   1.000
E S  NP_001138576.1         4    0.763  89.430   0.000   0.000   0.000   0.999
E M  NP_001138576.1         5    0.678 135.757   0.000   0.001   0.001   0.999
E D  NP_001138576.1         6    0.764 110.157   0.000   0.001   0.001   0.998
E A  NP_001138576.1         7    0.709  78.169   0.000   0.001   0.000   0.999
E G  NP_001138576.1         8    0.748  58.884   0.000   0.000   0.000   0.999
E S  NP_001138576.1         9    0.651  76.325   0.000   0.000   0.000   1.000
E P  NP_001138576.1        10    0.725 102.877   0.000   0.001   0.001   0.998
E N  NP_001138576.1        11    0.786 115.033   0.000   0.001   0.003   0.996
E L  NP_001138576.1        12    0.616 112.794   0.000   0.001   0.007   0.992
E S  NP_001138576.1        13    0.635  74.432   0.000   0.000   0.003   0.996
E P  NP_001138576.1        14    0.591  83.806   0.000   0.001   0.003   0.996
E N  NP_001138576.1        15    0.610  89.309   0.000   0.001   0.004   0.996
E P  NP_001138576.1        16    0.648  91.990   0.000   0.002   0.007   0.991
E M  NP_001138576.1        17    0.499  99.907   0.000   0.001   0.009   0.989
E S  NP_001138576.1        18    0.449  52.647   0.000   0.001   0.006   0.994
E P  NP_001138576.1        19    0.616  87.414   0.000   0.101   0.006   0.893
E A  NP_001138576.1        20    0.584  64.335   0.000   0.163   0.006   0.831
E H  NP_001138576.1        21    0.574 104.420   0.000   0.170   0.012   0.818
E N  NP_001138576.1        22    0.609  89.178   0.000   0.122   0.008   0.869
E N  NP_001138576.1        23    0.799 116.926   0.000   0.044   0.010   0.946
E L  NP_001138576.1        24    0.505  92.384   0.000   0.031   0.027   0.942
E D  NP_001138576.1        25    0.773 111.392   0.000   0.029   0.052   0.919
E L  NP_001138576.1        26    0.341  62.484   0.000   0.005   0.154   0.841
E Q  NP_001138576.1        27    0.653 116.607   0.000   0.001   0.540   0.458
E P  NP_001138576.1        28    0.589  83.514   0.000   0.001   0.507   0.491
E V  NP_001138576.1        29    0.297  45.681   0.000   0.007   0.185   0.808
E T  NP_001138576.1        30    0.731 101.457   0.000   0.014   0.182   0.805
E Y  NP_001138576.1        31    0.459  98.081   0.000   0.011   0.230   0.760
E C  NP_001138576.1        32    0.547  76.843   0.000   0.006   0.142   0.851
E E  NP_001138576.1        33    0.568  99.163   0.000   0.003   0.058   0.939
E P  NP_001138576.1        34    0.500  70.922   0.000   0.097   0.029   0.873
E A  NP_001138576.1        35    0.573  63.155   0.000   0.108   0.032   0.860
E F  NP_001138576.1        36    0.313  62.903   0.000   0.093   0.170   0.737
B W  NP_001138576.1        37    0.193  46.500   0.000   0.022   0.416   0.562
B C  NP_001138576.1        38    0.019   2.649   0.000   0.002   0.911   0.087
B S  NP_001138576.1        39    0.135  15.822   0.000   0.000   0.987   0.013
B I  NP_001138576.1        40    0.021   3.898   0.000   0.001   0.995   0.005
B S  NP_001138576.1        41    0.070   8.157   0.000   0.002   0.995   0.003
B Y  NP_001138576.1        42    0.054  11.506   0.000   0.001   0.998   0.001
B Y  NP_001138576.1        43    0.118  25.194   0.000   0.003   0.992   0.006
B E  NP_001138576.1        44    0.110  19.300   0.000   0.001   0.963   0.036
E L  NP_001138576.1        45    0.289  52.936   0.000   0.006   0.057   0.937
E N  NP_001138576.1        46    0.556  81.394   0.000   0.002   0.076   0.922
E Q  NP_001138576.1        47    0.553  98.823   0.000   0.001   0.841   0.159
E R  NP_001138576.1        48    0.441 100.979   0.000   0.000   0.925   0.075
B V  NP_001138576.1        49    0.213  32.769   0.000   0.000   0.744   0.256
B G  NP_001138576.1        50    0.208  16.391   0.000   0.000   0.832   0.168
E E  NP_001138576.1        51    0.616 107.652   0.000   0.000   0.811   0.189
E T  NP_001138576.1        52    0.364  50.540   0.000   0.001   0.822   0.177
B F  NP_001138576.1        53    0.178  35.804   0.000   0.000   0.990   0.010
E H  NP_001138576.1        54    0.593 107.909   0.000   0.000   0.963   0.037
B A  NP_001138576.1        55    0.032   3.503   0.000   0.001   0.309   0.689
E S  NP_001138576.1        56    0.631  73.956   0.000   0.001   0.070   0.929
E Q  NP_001138576.1        57    0.505  90.220   0.000   0.001   0.025   0.974
E P  NP_001138576.1        58    0.452  64.096   0.000   0.001   0.026   0.973
B S  NP_001138576.1        59    0.217  25.386   0.000   0.000   0.862   0.138
B M  NP_001138576.1        60    0.045   9.100   0.000   0.000   0.976   0.024
E T  NP_001138576.1        61    0.261  36.251   0.000   0.000   0.987   0.013
B V  NP_001138576.1        62    0.020   3.045   0.000   0.000   0.961   0.039
E D  NP_001138576.1        63    0.285  41.083   0.000   0.001   0.530   0.468
B G  NP_001138576.1        64    0.124   9.777   0.000   0.003   0.151   0.846
B F  NP_001138576.1        65    0.193  38.734   0.000   0.005   0.363   0.632
E T  NP_001138576.1        66    0.377  52.225   0.000   0.006   0.299   0.695
E D  NP_001138576.1        67    0.368  53.061   0.000   0.001   0.155   0.844
E P  NP_001138576.1        68    0.425  60.340   0.000   0.099   0.009   0.892
E S  NP_001138576.1        69    0.592  69.343   0.000   0.129   0.008   0.863
E N  NP_001138576.1        70    0.511  74.757   0.000   0.109   0.054   0.837
E S  NP_001138576.1        71    0.349  40.957   0.000   0.075   0.026   0.900
E E  NP_001138576.1        72    0.616 107.536   0.000   0.068   0.041   0.891
E R  NP_001138576.1        73    0.345  79.021   0.000   0.065   0.389   0.546
B F  NP_001138576.1        74    0.052  10.344   0.000   0.003   0.834   0.163
B C  NP_001138576.1        75    0.059   8.283   0.000   0.002   0.823   0.175
B L  NP_001138576.1        76    0.021   3.831   0.000   0.530   0.043   0.427
B G  NP_001138576.1        77    0.186  14.647   0.000   0.740   0.056   0.204
E L  NP_001138576.1        78    0.355  64.947   0.000   0.724   0.036   0.240
B L  NP_001138576.1        79    0.080  14.557   0.000   0.143   0.062   0.795
E S  NP_001138576.1        80    0.509  59.698   0.000   0.052   0.039   0.910
E N  NP_001138576.1        81    0.322  47.087   0.000   0.039   0.024   0.936
E V  NP_001138576.1        82    0.519  79.846   0.000   0.109   0.012   0.879
E N  NP_001138576.1        83    0.614  89.947   0.000   0.094   0.005   0.900
E R  NP_001138576.1        84    0.372  85.222   0.000   0.068   0.009   0.923
E N  NP_001138576.1        85    0.488  71.460   0.000   0.140   0.001   0.859
E A  NP_001138576.1        86    0.703  77.430   0.000   0.985   0.000   0.015
E A  NP_001138576.1        87    0.296  32.660   0.000   0.991   0.000   0.009
B V  NP_001138576.1        88    0.047   7.187   0.000   0.995   0.000   0.005
E E  NP_001138576.1        89    0.474  82.784   0.000   0.997   0.000   0.003
E L  NP_001138576.1        90    0.431  78.837   0.000   0.995   0.000   0.005
B T  NP_001138576.1        91    0.038   5.335   0.000   0.994   0.000   0.006
E R  NP_001138576.1        92    0.298  68.275   0.000   0.986   0.000   0.013
E R  NP_001138576.1        93    0.638 146.140   0.000   0.903   0.000   0.097
E H  NP_001138576.1        94    0.347  63.033   0.000   0.782   0.001   0.217
B I  NP_001138576.1        95    0.075  13.921   0.000   0.626   0.024   0.350
E G  NP_001138576.1        96    0.284  22.312   0.000   0.226   0.013   0.761
E R  NP_001138576.1        97    0.573 131.238   0.000   0.105   0.031   0.865
B G  NP_001138576.1        98    0.089   6.975   0.000   0.036   0.101   0.863
B V  NP_001138576.1        99    0.031   4.691   0.000   0.000   0.933   0.067
E R  NP_001138576.1       100    0.379  86.857   0.000   0.000   0.989   0.011
B L  NP_001138576.1       101    0.070  12.871   0.000   0.000   0.991   0.009
E Y  NP_001138576.1       102    0.319  68.087   0.000   0.000   0.997   0.003
E Y  NP_001138576.1       103    0.328  70.013   0.000   0.000   0.990   0.010
E I  NP_001138576.1       104    0.364  67.296   0.000   0.003   0.926   0.071
E G  NP_001138576.1       105    0.857  67.419   0.000   0.012   0.010   0.978
E G  NP_001138576.1       106    0.634  49.931   0.000   0.012   0.001   0.987
E E  NP_001138576.1       107    0.440  76.851   0.000   0.001   0.873   0.127
B V  NP_001138576.1       108    0.036   5.605   0.000   0.000   0.985   0.015
B F  NP_001138576.1       109    0.116  23.369   0.000   0.000   0.996   0.004
B A  NP_001138576.1       110    0.005   0.506   0.000   0.000   0.998   0.002
B E  NP_001138576.1       111    0.246  42.950   0.000   0.000   0.995   0.004
B C  NP_001138576.1       112    0.037   5.226   0.000   0.000   0.958   0.042
E L  NP_001138576.1       113    0.328  60.076   0.000   0.004   0.129   0.867
B S  NP_001138576.1       114    0.066   7.716   0.000   0.000   0.046   0.953
E D  NP_001138576.1       115    0.815 117.405   0.000   0.000   0.002   0.998
B S  NP_001138576.1       116    0.233  27.298   0.000   0.000   0.018   0.981
B A  NP_001138576.1       117    0.094  10.352   0.000   0.000   0.175   0.825
B I  NP_001138576.1       118    0.009   1.588   0.000   0.000   0.981   0.019
B F  NP_001138576.1       119    0.071  14.290   0.000   0.000   0.988   0.012
B V  NP_001138576.1       120    0.006   0.944   0.000   0.000   0.987   0.013
B Q  NP_001138576.1       121    0.168  29.992   0.000   0.001   0.900   0.099
B S  NP_001138576.1       122    0.014   1.696   0.000   0.008   0.199   0.793
B P  NP_001138576.1       123    0.186  26.421   0.000   0.606   0.015   0.380
E N  NP_001138576.1       124    0.295  43.143   0.000   0.511   0.016   0.473
B C  NP_001138576.1       125    0.035   4.881   0.000   0.865   0.008   0.127
B N  NP_001138576.1       126    0.095  13.876   0.000   0.837   0.015   0.148
E Q  NP_001138576.1       127    0.613 109.516   0.000   0.839   0.008   0.153
E R  NP_001138576.1       128    0.698 159.951   0.000   0.732   0.014   0.255
E Y  NP_001138576.1       129    0.454  96.989   0.000   0.555   0.006   0.438
E G  NP_001138576.1       130    0.640  50.393   0.000   0.011   0.012   0.977
E W  NP_001138576.1       131    0.250  60.195   0.000   0.007   0.127   0.867
E H  NP_001138576.1       132    0.501  91.176   0.000   0.002   0.033   0.964
E P  NP_001138576.1       133    0.324  45.942   0.000   0.477   0.041   0.481
E A  NP_001138576.1       134    0.540  59.485   0.000   0.537   0.038   0.425
B T  NP_001138576.1       135    0.250  34.645   0.000   0.611   0.074   0.314
B V  NP_001138576.1       136    0.091  13.986   0.000   0.007   0.768   0.225
B C  NP_001138576.1       137    0.144  20.268   0.000   0.002   0.981   0.017
E K  NP_001138576.1       138    0.376  77.367   0.000   0.000   0.994   0.006
B I  NP_001138576.1       139    0.028   5.223   0.000   0.000   0.887   0.113
E P  NP_001138576.1       140    0.269  38.171   0.000   0.000   0.012   0.988
E P  NP_001138576.1       141    0.474  67.205   0.000   0.002   0.006   0.992
E G  NP_001138576.1       142    0.438  34.449   0.000   0.002   0.010   0.988
B C  NP_001138576.1       143    0.099  13.927   0.000   0.001   0.228   0.771
B N  NP_001138576.1       144    0.173  25.351   0.000   0.000   0.921   0.079
B L  NP_001138576.1       145    0.011   2.034   0.000   0.000   0.996   0.004
B K  NP_001138576.1       146    0.110  22.611   0.000   0.000   0.999   0.001
B I  NP_001138576.1       147    0.010   1.858   0.000   0.000   0.994   0.006
B F  NP_001138576.1       148    0.091  18.332   0.000   0.000   0.847   0.153
E N  NP_001138576.1       149    0.266  38.905   0.000   0.001   0.417   0.583
E N  NP_001138576.1       150    0.297  43.461   0.000   0.906   0.001   0.093
E Q  NP_001138576.1       151    0.693 123.857   0.000   0.966   0.001   0.034
E E  NP_001138576.1       152    0.456  79.738   0.000   0.976   0.001   0.023
B F  NP_001138576.1       153    0.059  11.827   0.000   0.988   0.000   0.012
E A  NP_001138576.1       154    0.310  34.114   0.000   0.996   0.000   0.004
E A  NP_001138576.1       155    0.522  57.556   0.000   0.993   0.000   0.007
B L  NP_001138576.1       156    0.193  35.403   0.000   0.991   0.000   0.009
B L  NP_001138576.1       157    0.110  20.083   0.000   0.979   0.000   0.020
E A  NP_001138576.1       158    0.458  50.423   0.000   0.968   0.000   0.032
E Q  NP_001138576.1       159    0.542  96.822   0.000   0.946   0.000   0.054
B S  NP_001138576.1       160    0.113  13.211   0.000   0.944   0.000   0.055
E V  NP_001138576.1       161    0.390  59.962   0.000   0.881   0.003   0.116
E N  NP_001138576.1       162    0.805 117.904   0.000   0.870   0.001   0.129
E Q  NP_001138576.1       163    0.627 112.025   0.000   0.485   0.002   0.513
E G  NP_001138576.1       164    0.523  41.192   0.000   0.131   0.001   0.868
E F  NP_001138576.1       165    0.455  91.265   0.000   0.304   0.012   0.684
E E  NP_001138576.1       166    0.762 133.192   0.000   0.604   0.005   0.391
B A  NP_001138576.1       167    0.241  26.584   0.000   0.700   0.006   0.294
B V  NP_001138576.1       168    0.167  25.633   0.000   0.844   0.014   0.142
E Y  NP_001138576.1       169    0.480 102.672   0.000   0.891   0.009   0.100
E Q  NP_001138576.1       170    0.486  86.858   0.000   0.916   0.004   0.080
B L  NP_001138576.1       171    0.080  14.638   0.000   0.899   0.005   0.096
E T  NP_001138576.1       172    0.292  40.550   0.000   0.824   0.016   0.161
E R  NP_001138576.1       173    0.482 110.310   0.000   0.677   0.030   0.293
B M  NP_001138576.1       174    0.230  46.013   0.000   0.318   0.104   0.578
B C  NP_001138576.1       175    0.052   7.274   0.000   0.025   0.362   0.613
B T  NP_001138576.1       176    0.107  14.909   0.000   0.001   0.922   0.077
B I  NP_001138576.1       177    0.020   3.661   0.000   0.000   0.994   0.006
B R  NP_001138576.1       178    0.192  43.909   0.000   0.000   0.997   0.002
B M  NP_001138576.1       179    0.014   2.884   0.000   0.000   0.995   0.005
B S  NP_001138576.1       180    0.064   7.468   0.000   0.001   0.982   0.018
B F  NP_001138576.1       181    0.063  12.626   0.000   0.001   0.930   0.070
B V  NP_001138576.1       182    0.092  14.080   0.000   0.002   0.839   0.159
E K  NP_001138576.1       183    0.309  63.600   0.000   0.009   0.557   0.434
E G  NP_001138576.1       184    0.305  24.028   0.000   0.009   0.090   0.901
E W  NP_001138576.1       185    0.338  81.397   0.000   0.020   0.098   0.882
E G  NP_001138576.1       186    0.390  30.718   0.000   0.068   0.011   0.921
E A  NP_001138576.1       187    0.761  83.855   0.000   0.060   0.002   0.938
E E  NP_001138576.1       188    0.820 143.313   0.000   0.058   0.001   0.940
B Y  NP_001138576.1       189    0.237  50.620   0.000   0.038   0.014   0.948
E R  NP_001138576.1       190    0.748 171.406   0.000   0.013   0.014   0.973
E R  NP_001138576.1       191    0.394  90.298   0.000   0.060   0.021   0.919
E Q  NP_001138576.1       192    0.600 107.212   0.000   0.134   0.016   0.850
E T  NP_001138576.1       193    0.370  51.326   0.000   0.246   0.081   0.673
B V  NP_001138576.1       194    0.054   8.371   0.000   0.839   0.007   0.153
E T  NP_001138576.1       195    0.318  44.128   0.000   0.861   0.005   0.134
E S  NP_001138576.1       196    0.570  66.860   0.000   0.757   0.005   0.239
B T  NP_001138576.1       197    0.058   8.019   0.000   0.001   0.005   0.994
E P  NP_001138576.1       198    0.257  36.503   0.000   0.002   0.058   0.940
B C  NP_001138576.1       199    0.015   2.105   0.000   0.000   0.902   0.098
B W  NP_001138576.1       200    0.134  32.308   0.000   0.000   0.986   0.014
B I  NP_001138576.1       201    0.009   1.694   0.000   0.000   0.999   0.001
B E  NP_001138576.1       202    0.097  16.897   0.000   0.000   0.999   0.000
B L  NP_001138576.1       203    0.012   2.218   0.000   0.000   0.997   0.003
B H  NP_001138576.1       204    0.196  35.599   0.000   0.000   0.988   0.012
B L  NP_001138576.1       205    0.054   9.855   0.000   0.027   0.624   0.349
E N  NP_001138576.1       206    0.255  37.285   0.000   0.311   0.080   0.609
B G  NP_001138576.1       207    0.204  16.061   0.000   0.925   0.002   0.073
B P  NP_001138576.1       208    0.088  12.443   0.000   0.955   0.003   0.042
B L  NP_001138576.1       209    0.085  15.564   0.000   0.963   0.003   0.034
E Q  NP_001138576.1       210    0.527  94.167   0.000   0.988   0.001   0.011
B W  NP_001138576.1       211    0.227  54.486   0.000   0.987   0.001   0.011
B L  NP_001138576.1       212    0.056  10.251   0.000   0.993   0.000   0.006
E D  NP_001138576.1       213    0.318  45.797   0.000   0.997   0.000   0.003
E K  NP_001138576.1       214    0.540 111.013   0.000   0.994   0.000   0.005
B V  NP_001138576.1       215    0.139  21.416   0.000   0.994   0.000   0.006
B L  NP_001138576.1       216    0.121  22.216   0.000   0.977   0.000   0.023
E T  NP_001138576.1       217    0.608  84.398   0.000   0.910   0.001   0.089
E Q  NP_001138576.1       218    0.673 120.182   0.000   0.722   0.001   0.277
E M  NP_001138576.1       219    0.288  57.578   0.000   0.304   0.003   0.693
E G  NP_001138576.1       220    0.564  44.419   0.000   0.017   0.006   0.977
E S  NP_001138576.1       221    0.364  42.694   0.000   0.002   0.007   0.991
E P  NP_001138576.1       222    0.496  70.436   0.000   0.041   0.006   0.952
E S  NP_001138576.1       223    0.728  85.380   0.000   0.073   0.022   0.905
E I  NP_001138576.1       224    0.419  77.515   0.000   0.054   0.058   0.888
E R  NP_001138576.1       225    0.658 150.786   0.000   0.034   0.199   0.767
E C  NP_001138576.1       226    0.307  43.051   0.000   0.040   0.168   0.791
E S  NP_001138576.1       227    0.541  63.393   0.000   0.056   0.231   0.713
E S  NP_001138576.1       228    0.537  62.891   0.000   0.051   0.249   0.699
E V  NP_001138576.1       229    0.474  72.823   0.000   0.023   0.162   0.816
E S  NP_001138576.1       230    0.864 101.216   0.000   0.000   0.001   0.999
