# For publication of results, please cite:
# ...
# ... Michael Schantz Klausen, Martin Closter Jespersen, Henrik Nielsen, Kamilla Kjærgaard Jensen, 
# ... Vanessa Isabell Jurtz, Casper Kaae Sønderby, Morten Otto Alexander Sommer, Ole Winther, 
# ... Morten Nielsen, Bent Petersen, and Paolo Marcatili. 
# ... NetSurfP-2.0: Improved prediction of protein structural features by integrated deep learning.
# ... Proteins: Structure, Function, and Bioinformatics (Feb. 2019).
# ... https://doi.org/10.1002/prot.25674
# ...
#
# Column 1: Class assignment - B for buried or E for Exposed - Threshold: 25% exposure, but not based on RSA
# Column 2: Amino acid
# Column 3: Sequence name
# Column 4: Amino acid number
# Column 5: Relative Surface Accessibility - RSA
# Column 6: Absolute Surface Accessibility
# Column 7: Not used
# Column 8: Probability for Alpha-Helix
# Column 9: Probability for Beta-strand
# Column 10: Probability for Coil
E M  NP_112420.1            1    0.850 170.127   0.000   0.000   0.000   1.000
E S  NP_112420.1            2    0.856 100.338   0.000   0.000   0.000   1.000
E K  NP_112420.1            3    0.776 159.548   0.000   0.002   0.000   0.997
E S  NP_112420.1            4    0.763  89.405   0.000   0.005   0.001   0.994
E E  NP_112420.1            5    0.773 135.125   0.000   0.007   0.002   0.991
E S  NP_112420.1            6    0.620  72.713   0.000   0.001   0.001   0.998
E P  NP_112420.1            7    0.545  77.339   0.000   0.004   0.001   0.995
E K  NP_112420.1            8    0.635 130.518   0.000   0.010   0.005   0.985
E E  NP_112420.1            9    0.608 106.284   0.000   0.006   0.001   0.992
E P  NP_112420.1           10    0.460  65.243   0.000   0.523   0.001   0.476
E E  NP_112420.1           11    0.726 126.769   0.000   0.584   0.006   0.410
E Q  NP_112420.1           12    0.600 107.198   0.000   0.510   0.028   0.462
B L  NP_112420.1           13    0.178  32.518   0.000   0.094   0.116   0.789
E R  NP_112420.1           14    0.372  85.107   0.000   0.023   0.277   0.700
E K  NP_112420.1           15    0.335  68.897   0.000   0.002   0.928   0.069
B L  NP_112420.1           16    0.020   3.589   0.000   0.000   0.988   0.012
B F  NP_112420.1           17    0.091  18.354   0.000   0.000   0.997   0.003
B I  NP_112420.1           18    0.007   1.332   0.000   0.000   0.996   0.004
B G  NP_112420.1           19    0.058   4.578   0.000   0.000   0.903   0.097
B G  NP_112420.1           20    0.245  19.298   0.000   0.000   0.185   0.815
B L  NP_112420.1           21    0.022   4.005   0.000   0.001   0.216   0.783
B S  NP_112420.1           22    0.176  20.655   0.000   0.001   0.084   0.916
E F  NP_112420.1           23    0.438  87.815   0.000   0.002   0.001   0.998
E E  NP_112420.1           24    0.755 131.900   0.000   0.005   0.001   0.995
B T  NP_112420.1           25    0.067   9.249   0.000   0.002   0.002   0.997
E T  NP_112420.1           26    0.410  56.905   0.000   0.001   0.007   0.992
E D  NP_112420.1           27    0.485  69.919   0.000   0.989   0.000   0.011
E E  NP_112420.1           28    0.715 124.836   0.000   0.994   0.000   0.006
E S  NP_112420.1           29    0.314  36.756   0.000   0.995   0.000   0.005
B L  NP_112420.1           30    0.016   2.855   0.000   0.995   0.000   0.005
E R  NP_112420.1           31    0.403  92.241   0.000   0.995   0.000   0.005
E S  NP_112420.1           32    0.556  65.183   0.000   0.982   0.000   0.018
B H  NP_112420.1           33    0.242  43.952   0.000   0.962   0.000   0.038
B F  NP_112420.1           34    0.020   3.916   0.000   0.857   0.001   0.142
E E  NP_112420.1           35    0.606 105.880   0.000   0.620   0.002   0.379
E Q  NP_112420.1           36    0.740 132.132   0.000   0.372   0.001   0.626
B W  NP_112420.1           37    0.117  28.214   0.000   0.507   0.002   0.491
B G  NP_112420.1           38    0.213  16.771   0.000   0.001   0.031   0.968
E T  NP_112420.1           39    0.494  68.512   0.000   0.000   0.058   0.942
B L  NP_112420.1           40    0.105  19.294   0.000   0.000   0.971   0.029
E T  NP_112420.1           41    0.467  64.776   0.000   0.000   0.986   0.014
E D  NP_112420.1           42    0.432  62.184   0.000   0.000   0.997   0.003
B C  NP_112420.1           43    0.095  13.275   0.000   0.000   0.997   0.003
B V  NP_112420.1           44    0.232  35.723   0.000   0.000   0.998   0.002
B V  NP_112420.1           45    0.193  29.617   0.000   0.000   0.987   0.013
B M  NP_112420.1           46    0.222  44.483   0.000   0.001   0.917   0.082
E R  NP_112420.1           47    0.449 102.717   0.000   0.000   0.971   0.029
B D  NP_112420.1           48    0.206  29.745   0.000   0.000   0.272   0.728
E P  NP_112420.1           49    0.587  83.308   0.000   0.002   0.000   0.998
E N  NP_112420.1           50    0.859 125.812   0.000   0.002   0.000   0.998
E T  NP_112420.1           51    0.475  65.833   0.000   0.005   0.000   0.994
E K  NP_112420.1           52    0.633 130.155   0.000   0.000   0.001   0.999
E R  NP_112420.1           53    0.552 126.428   0.000   0.001   0.293   0.706
B S  NP_112420.1           54    0.215  25.256   0.000   0.000   0.926   0.074
E R  NP_112420.1           55    0.400  91.501   0.000   0.000   0.514   0.485
B G  NP_112420.1           56    0.118   9.309   0.000   0.000   0.720   0.280
B F  NP_112420.1           57    0.152  30.517   0.000   0.000   0.940   0.060
B G  NP_112420.1           58    0.011   0.833   0.000   0.000   0.995   0.005
B F  NP_112420.1           59    0.111  22.333   0.000   0.000   0.995   0.005
B V  NP_112420.1           60    0.008   1.213   0.000   0.000   0.997   0.003
B T  NP_112420.1           61    0.136  18.873   0.000   0.000   0.997   0.003
B Y  NP_112420.1           62    0.034   7.348   0.000   0.000   0.903   0.096
E A  NP_112420.1           63    0.364  40.139   0.000   0.000   0.003   0.997
E T  NP_112420.1           64    0.378  52.362   0.000   0.000   0.012   0.988
E V  NP_112420.1           65    0.333  51.166   0.000   0.989   0.000   0.011
E E  NP_112420.1           66    0.730 127.508   0.000   0.993   0.000   0.007
E E  NP_112420.1           67    0.276  48.232   0.000   0.998   0.000   0.002
B V  NP_112420.1           68    0.012   1.769   0.000   0.999   0.000   0.001
E D  NP_112420.1           69    0.446  64.214   0.000   0.999   0.000   0.001
E A  NP_112420.1           70    0.381  41.952   0.000   0.997   0.000   0.003
B A  NP_112420.1           71    0.015   1.689   0.000   0.995   0.000   0.005
B M  NP_112420.1           72    0.140  28.026   0.000   0.970   0.000   0.030
E N  NP_112420.1           73    0.806 117.931   0.000   0.874   0.000   0.125
E A  NP_112420.1           74    0.449  49.482   0.000   0.643   0.000   0.357
E R  NP_112420.1           75    0.436  99.748   0.000   0.005   0.007   0.988
E P  NP_112420.1           76    0.513  72.808   0.000   0.004   0.003   0.993
E H  NP_112420.1           77    0.279  50.817   0.000   0.004   0.370   0.626
E K  NP_112420.1           78    0.577 118.749   0.000   0.000   0.982   0.018
B V  NP_112420.1           79    0.075  11.566   0.000   0.000   0.991   0.009
E D  NP_112420.1           80    0.568  81.901   0.000   0.001   0.006   0.993
E G  NP_112420.1           81    0.794  62.501   0.000   0.003   0.001   0.996
E R  NP_112420.1           82    0.482 110.327   0.000   0.000   0.994   0.006
E V  NP_112420.1           83    0.471  72.326   0.000   0.000   0.979   0.021
B V  NP_112420.1           84    0.061   9.435   0.000   0.001   0.134   0.864
E E  NP_112420.1           85    0.565  98.781   0.000   0.002   0.121   0.877
B P  NP_112420.1           86    0.186  26.328   0.000   0.069   0.291   0.640
E K  NP_112420.1           87    0.545 112.144   0.000   0.032   0.629   0.338
E R  NP_112420.1           88    0.427  97.844   0.000   0.012   0.835   0.153
B A  NP_112420.1           89    0.160  17.594   0.000   0.009   0.315   0.676
E V  NP_112420.1           90    0.389  59.729   0.000   0.009   0.375   0.616
E S  NP_112420.1           91    0.397  46.500   0.000   0.016   0.218   0.766
E R  NP_112420.1           92    0.458 104.978   0.000   0.200   0.023   0.777
E E  NP_112420.1           93    0.711 124.170   0.000   0.251   0.011   0.738
E D  NP_112420.1           94    0.544  78.344   0.000   0.316   0.009   0.676
E S  NP_112420.1           95    0.358  41.945   0.000   0.187   0.011   0.802
E Q  NP_112420.1           96    0.651 116.234   0.000   0.094   0.014   0.892
E R  NP_112420.1           97    0.497 113.859   0.000   0.003   0.010   0.987
E P  NP_112420.1           98    0.676  95.854   0.000   0.018   0.005   0.977
E G  NP_112420.1           99    0.672  52.919   0.000   0.029   0.005   0.966
E A  NP_112420.1          100    0.349  38.409   0.000   0.050   0.028   0.922
E H  NP_112420.1          101    0.618 112.443   0.000   0.041   0.148   0.812
B L  NP_112420.1          102    0.218  39.970   0.000   0.025   0.176   0.799
E T  NP_112420.1          103    0.480  66.643   0.000   0.019   0.200   0.782
B V  NP_112420.1          104    0.084  12.933   0.000   0.005   0.238   0.757
E K  NP_112420.1          105    0.404  83.079   0.000   0.001   0.174   0.825
E K  NP_112420.1          106    0.264  54.213   0.000   0.000   0.955   0.044
B I  NP_112420.1          107    0.011   1.965   0.000   0.000   0.995   0.005
B F  NP_112420.1          108    0.084  16.891   0.000   0.000   0.998   0.002
B V  NP_112420.1          109    0.005   0.831   0.000   0.000   0.995   0.005
B G  NP_112420.1          110    0.065   5.143   0.000   0.000   0.874   0.126
E G  NP_112420.1          111    0.278  21.844   0.000   0.000   0.122   0.878
B I  NP_112420.1          112    0.020   3.740   0.000   0.000   0.232   0.768
E K  NP_112420.1          113    0.429  88.322   0.000   0.001   0.113   0.886
E E  NP_112420.1          114    0.546  95.453   0.000   0.002   0.000   0.998
E D  NP_112420.1          115    0.742 106.988   0.000   0.006   0.001   0.994
B T  NP_112420.1          116    0.070   9.753   0.000   0.003   0.003   0.994
E E  NP_112420.1          117    0.561  98.021   0.000   0.004   0.020   0.976
E E  NP_112420.1          118    0.423  73.888   0.000   0.976   0.000   0.024
E H  NP_112420.1          119    0.605 110.033   0.000   0.983   0.000   0.017
E H  NP_112420.1          120    0.357  64.994   0.000   0.990   0.000   0.010
B L  NP_112420.1          121    0.012   2.206   0.000   0.992   0.000   0.008
E R  NP_112420.1          122    0.389  89.011   0.000   0.995   0.000   0.004
E D  NP_112420.1          123    0.581  83.759   0.000   0.993   0.000   0.007
B Y  NP_112420.1          124    0.185  39.436   0.000   0.992   0.000   0.008
B F  NP_112420.1          125    0.013   2.563   0.000   0.958   0.000   0.041
E E  NP_112420.1          126    0.584 101.989   0.000   0.735   0.001   0.264
E Q  NP_112420.1          127    0.686 122.543   0.000   0.444   0.001   0.555
B Y  NP_112420.1          128    0.148  31.539   0.000   0.534   0.002   0.464
B G  NP_112420.1          129    0.202  15.903   0.000   0.001   0.024   0.975
E K  NP_112420.1          130    0.575 118.310   0.000   0.000   0.058   0.941
B I  NP_112420.1          131    0.077  14.220   0.000   0.000   0.967   0.033
E E  NP_112420.1          132    0.504  88.014   0.000   0.000   0.977   0.023
E V  NP_112420.1          133    0.291  44.663   0.000   0.000   0.995   0.004
B I  NP_112420.1          134    0.127  23.412   0.000   0.000   0.995   0.005
E E  NP_112420.1          135    0.359  62.775   0.000   0.000   0.998   0.002
B I  NP_112420.1          136    0.166  30.621   0.000   0.000   0.988   0.012
B M  NP_112420.1          137    0.209  41.914   0.000   0.001   0.917   0.082
E T  NP_112420.1          138    0.360  49.873   0.000   0.000   0.932   0.067
E D  NP_112420.1          139    0.288  41.521   0.000   0.001   0.473   0.526
E R  NP_112420.1          140    0.654 149.727   0.000   0.006   0.002   0.991
E G  NP_112420.1          141    0.837  65.874   0.000   0.003   0.001   0.996
E S  NP_112420.1          142    0.536  62.780   0.000   0.009   0.001   0.990
E G  NP_112420.1          143    0.570  44.874   0.000   0.002   0.001   0.997
E K  NP_112420.1          144    0.553 113.723   0.000   0.001   0.093   0.906
E K  NP_112420.1          145    0.402  82.678   0.000   0.000   0.940   0.060
E R  NP_112420.1          146    0.329  75.339   0.000   0.000   0.712   0.288
B G  NP_112420.1          147    0.089   7.025   0.000   0.000   0.779   0.221
B F  NP_112420.1          148    0.116  23.316   0.000   0.000   0.953   0.047
B A  NP_112420.1          149    0.008   0.888   0.000   0.000   0.995   0.005
B F  NP_112420.1          150    0.101  20.329   0.000   0.000   0.996   0.004
B V  NP_112420.1          151    0.009   1.380   0.000   0.000   0.997   0.003
B T  NP_112420.1          152    0.139  19.325   0.000   0.000   0.997   0.003
B F  NP_112420.1          153    0.029   5.875   0.000   0.000   0.906   0.094
E D  NP_112420.1          154    0.613  88.351   0.000   0.000   0.004   0.996
E D  NP_112420.1          155    0.463  66.674   0.000   0.002   0.006   0.992
E H  NP_112420.1          156    0.419  76.188   0.000   0.937   0.001   0.062
E D  NP_112420.1          157    0.682  98.205   0.000   0.959   0.000   0.041
B S  NP_112420.1          158    0.103  12.040   0.000   0.986   0.000   0.014
B V  NP_112420.1          159    0.032   4.934   0.000   0.990   0.000   0.010
E D  NP_112420.1          160    0.504  72.660   0.000   0.973   0.000   0.027
E K  NP_112420.1          161    0.498 102.402   0.000   0.946   0.001   0.053
B I  NP_112420.1          162    0.040   7.467   0.000   0.935   0.002   0.063
B V  NP_112420.1          163    0.195  30.027   0.000   0.827   0.025   0.148
E I  NP_112420.1          164    0.488  90.246   0.000   0.697   0.034   0.269
E Q  NP_112420.1          165    0.434  77.548   0.000   0.432   0.011   0.557
E K  NP_112420.1          166    0.467  95.972   0.000   0.137   0.017   0.846
E Y  NP_112420.1          167    0.540 115.420   0.000   0.024   0.017   0.959
E H  NP_112420.1          168    0.376  68.431   0.000   0.004   0.214   0.782
E T  NP_112420.1          169    0.598  82.950   0.000   0.001   0.953   0.046
B V  NP_112420.1          170    0.069  10.590   0.000   0.000   0.988   0.012
E N  NP_112420.1          171    0.539  78.850   0.000   0.002   0.003   0.995
E G  NP_112420.1          172    0.800  62.999   0.000   0.004   0.000   0.995
E H  NP_112420.1          173    0.386  70.257   0.000   0.000   0.986   0.014
E N  NP_112420.1          174    0.613  89.700   0.000   0.000   0.924   0.076
B C  NP_112420.1          175    0.062   8.742   0.000   0.002   0.197   0.802
E E  NP_112420.1          176    0.486  84.867   0.000   0.004   0.753   0.243
B V  NP_112420.1          177    0.146  22.487   0.000   0.001   0.948   0.051
E R  NP_112420.1          178    0.447 102.461   0.000   0.002   0.945   0.053
E K  NP_112420.1          179    0.458  94.158   0.000   0.002   0.908   0.090
B A  NP_112420.1          180    0.212  23.385   0.000   0.004   0.165   0.830
E L  NP_112420.1          181    0.469  85.802   0.000   0.013   0.167   0.820
E S  NP_112420.1          182    0.389  45.628   0.000   0.059   0.080   0.861
E K  NP_112420.1          183    0.584 120.102   0.000   0.739   0.003   0.258
E Q  NP_112420.1          184    0.715 127.726   0.000   0.749   0.003   0.249
E E  NP_112420.1          185    0.477  83.245   0.000   0.772   0.004   0.224
E M  NP_112420.1          186    0.256  51.312   0.000   0.671   0.005   0.324
E A  NP_112420.1          187    0.630  69.393   0.000   0.496   0.004   0.501
E S  NP_112420.1          188    0.745  87.292   0.000   0.280   0.002   0.719
E A  NP_112420.1          189    0.484  53.387   0.000   0.183   0.003   0.814
E S  NP_112420.1          190    0.618  72.461   0.000   0.110   0.006   0.884
E S  NP_112420.1          191    0.679  79.601   0.000   0.110   0.004   0.886
E S  NP_112420.1          192    0.661  77.462   0.000   0.078   0.003   0.919
E Q  NP_112420.1          193    0.631 112.669   0.000   0.055   0.007   0.938
E R  NP_112420.1          194    0.619 141.823   0.000   0.027   0.007   0.966
E G  NP_112420.1          195    0.609  47.934   0.000   0.015   0.005   0.980
E R  NP_112420.1          196    0.631 144.589   0.000   0.011   0.008   0.981
E S  NP_112420.1          197    0.676  79.245   0.000   0.008   0.004   0.989
E G  NP_112420.1          198    0.654  51.477   0.000   0.006   0.003   0.991
E S  NP_112420.1          199    0.678  79.430   0.000   0.006   0.002   0.992
E G  NP_112420.1          200    0.662  52.064   0.000   0.013   0.004   0.983
E N  NP_112420.1          201    0.695 101.755   0.000   0.011   0.004   0.985
E F  NP_112420.1          202    0.625 125.450   0.000   0.013   0.008   0.979
E G  NP_112420.1          203    0.631  49.652   0.000   0.007   0.004   0.988
E G  NP_112420.1          204    0.668  52.568   0.000   0.006   0.004   0.990
E G  NP_112420.1          205    0.664  52.226   0.000   0.008   0.004   0.988
E R  NP_112420.1          206    0.663 151.772   0.000   0.009   0.007   0.985
E G  NP_112420.1          207    0.650  51.129   0.000   0.009   0.004   0.987
E G  NP_112420.1          208    0.679  53.443   0.000   0.010   0.004   0.985
E G  NP_112420.1          209    0.677  53.279   0.000   0.017   0.005   0.978
E F  NP_112420.1          210    0.681 136.629   0.000   0.017   0.009   0.975
E G  NP_112420.1          211    0.669  52.649   0.000   0.018   0.005   0.978
E G  NP_112420.1          212    0.684  53.808   0.000   0.035   0.004   0.961
E N  NP_112420.1          213    0.722 105.651   0.000   0.029   0.003   0.968
E D  NP_112420.1          214    0.686  98.836   0.000   0.060   0.007   0.933
E N  NP_112420.1          215    0.667  97.679   0.000   0.046   0.006   0.949
E F  NP_112420.1          216    0.600 120.361   0.000   0.034   0.009   0.956
E G  NP_112420.1          217    0.590  46.419   0.000   0.033   0.009   0.958
E R  NP_112420.1          218    0.618 141.618   0.000   0.025   0.009   0.966
E G  NP_112420.1          219    0.615  48.396   0.000   0.030   0.006   0.964
E G  NP_112420.1          220    0.638  50.248   0.000   0.042   0.007   0.950
E N  NP_112420.1          221    0.672  98.313   0.000   0.044   0.007   0.949
E F  NP_112420.1          222    0.575 115.396   0.000   0.052   0.015   0.933
E S  NP_112420.1          223    0.579  67.828   0.000   0.036   0.007   0.957
E G  NP_112420.1          224    0.563  44.347   0.000   0.042   0.009   0.949
E R  NP_112420.1          225    0.579 132.595   0.000   0.024   0.012   0.964
E G  NP_112420.1          226    0.567  44.604   0.000   0.031   0.010   0.959
E G  NP_112420.1          227    0.601  47.314   0.000   0.036   0.009   0.954
E F  NP_112420.1          228    0.613 123.030   0.000   0.030   0.011   0.958
E G  NP_112420.1          229    0.585  46.003   0.000   0.039   0.008   0.953
E G  NP_112420.1          230    0.587  46.223   0.000   0.048   0.006   0.946
E S  NP_112420.1          231    0.610  71.471   0.000   0.049   0.007   0.944
E R  NP_112420.1          232    0.596 136.597   0.000   0.044   0.012   0.943
E G  NP_112420.1          233    0.557  43.799   0.000   0.037   0.009   0.953
E G  NP_112420.1          234    0.580  45.650   0.000   0.030   0.008   0.962
E G  NP_112420.1          235    0.595  46.843   0.000   0.030   0.009   0.962
E G  NP_112420.1          236    0.571  44.944   0.000   0.043   0.013   0.944
E Y  NP_112420.1          237    0.574 122.648   0.000   0.035   0.024   0.941
E G  NP_112420.1          238    0.530  41.680   0.000   0.037   0.018   0.945
E G  NP_112420.1          239    0.566  44.538   0.000   0.050   0.015   0.934
E S  NP_112420.1          240    0.627  73.426   0.000   0.049   0.010   0.941
E G  NP_112420.1          241    0.603  47.427   0.000   0.078   0.010   0.913
E D  NP_112420.1          242    0.659  95.003   0.000   0.074   0.011   0.915
E G  NP_112420.1          243    0.573  45.057   0.000   0.113   0.011   0.876
E Y  NP_112420.1          244    0.533 113.843   0.000   0.100   0.036   0.864
E N  NP_112420.1          245    0.575  84.251   0.000   0.103   0.020   0.877
E G  NP_112420.1          246    0.484  38.126   0.000   0.120   0.020   0.860
E F  NP_112420.1          247    0.510 102.418   0.000   0.081   0.025   0.894
E G  NP_112420.1          248    0.464  36.542   0.000   0.145   0.025   0.830
E N  NP_112420.1          249    0.587  85.935   0.000   0.125   0.014   0.861
E D  NP_112420.1          250    0.526  75.808   0.000   0.120   0.016   0.865
E G  NP_112420.1          251    0.434  34.193   0.000   0.110   0.018   0.872
E G  NP_112420.1          252    0.451  35.508   0.000   0.119   0.029   0.852
E Y  NP_112420.1          253    0.455  97.267   0.000   0.067   0.040   0.893
E G  NP_112420.1          254    0.383  30.174   0.000   0.077   0.039   0.884
E G  NP_112420.1          255    0.406  31.968   0.000   0.076   0.032   0.892
E G  NP_112420.1          256    0.444  34.931   0.000   0.038   0.025   0.938
E G  NP_112420.1          257    0.364  28.613   0.000   0.035   0.034   0.931
E P  NP_112420.1          258    0.548  77.775   0.000   0.088   0.017   0.894
E G  NP_112420.1          259    0.426  33.554   0.000   0.107   0.023   0.870
E Y  NP_112420.1          260    0.438  93.693   0.000   0.094   0.062   0.844
E S  NP_112420.1          261    0.408  47.817   0.000   0.070   0.034   0.896
E G  NP_112420.1          262    0.391  30.738   0.000   0.141   0.024   0.835
E G  NP_112420.1          263    0.434  34.166   0.000   0.148   0.021   0.830
E S  NP_112420.1          264    0.461  54.019   0.000   0.144   0.026   0.829
E R  NP_112420.1          265    0.470 107.604   0.000   0.135   0.042   0.823
E G  NP_112420.1          266    0.381  29.957   0.000   0.111   0.037   0.853
E Y  NP_112420.1          267    0.441  94.286   0.000   0.077   0.049   0.874
E G  NP_112420.1          268    0.389  30.591   0.000   0.078   0.031   0.891
E S  NP_112420.1          269    0.390  45.738   0.000   0.083   0.027   0.890
E G  NP_112420.1          270    0.404  31.768   0.000   0.090   0.019   0.891
E G  NP_112420.1          271    0.406  31.941   0.000   0.102   0.034   0.863
E Q  NP_112420.1          272    0.501  89.459   0.000   0.089   0.032   0.880
E G  NP_112420.1          273    0.358  28.135   0.000   0.116   0.038   0.846
E Y  NP_112420.1          274    0.437  93.333   0.000   0.083   0.045   0.872
E G  NP_112420.1          275    0.417  32.807   0.000   0.117   0.026   0.857
E N  NP_112420.1          276    0.490  71.804   0.000   0.116   0.019   0.866
E Q  NP_112420.1          277    0.428  76.437   0.000   0.105   0.026   0.869
E G  NP_112420.1          278    0.360  28.364   0.000   0.106   0.032   0.862
E S  NP_112420.1          279    0.391  45.787   0.000   0.078   0.023   0.899
E G  NP_112420.1          280    0.357  28.109   0.000   0.088   0.032   0.880
E Y  NP_112420.1          281    0.451  96.478   0.000   0.066   0.036   0.898
E G  NP_112420.1          282    0.369  29.070   0.000   0.072   0.027   0.901
E G  NP_112420.1          283    0.393  30.965   0.000   0.078   0.031   0.891
E S  NP_112420.1          284    0.452  52.990   0.000   0.055   0.019   0.926
E G  NP_112420.1          285    0.375  29.510   0.000   0.119   0.027   0.853
E S  NP_112420.1          286    0.374  43.854   0.000   0.125   0.041   0.834
E Y  NP_112420.1          287    0.348  74.425   0.000   0.149   0.068   0.783
E D  NP_112420.1          288    0.352  50.779   0.000   0.141   0.053   0.806
E S  NP_112420.1          289    0.286  33.500   0.000   0.184   0.027   0.788
E Y  NP_112420.1          290    0.352  75.223   0.000   0.205   0.042   0.753
E N  NP_112420.1          291    0.342  50.137   0.000   0.173   0.029   0.798
E N  NP_112420.1          292    0.391  57.268   0.000   0.139   0.026   0.836
E G  NP_112420.1          293    0.285  22.401   0.000   0.118   0.029   0.853
E G  NP_112420.1          294    0.310  24.376   0.000   0.079   0.031   0.889
E G  NP_112420.1          295    0.324  25.472   0.000   0.075   0.029   0.897
E G  NP_112420.1          296    0.338  26.625   0.000   0.080   0.033   0.887
E G  NP_112420.1          297    0.335  26.365   0.000   0.084   0.041   0.875
E F  NP_112420.1          298    0.401  80.516   0.000   0.052   0.039   0.909
E G  NP_112420.1          299    0.352  27.732   0.000   0.078   0.031   0.891
E G  NP_112420.1          300    0.356  28.001   0.000   0.101   0.027   0.873
E G  NP_112420.1          301    0.382  30.044   0.000   0.089   0.023   0.888
E S  NP_112420.1          302    0.431  50.475   0.000   0.073   0.026   0.901
E G  NP_112420.1          303    0.321  25.232   0.000   0.137   0.026   0.837
E S  NP_112420.1          304    0.304  35.631   0.000   0.171   0.032   0.797
E N  NP_112420.1          305    0.371  54.364   0.000   0.158   0.027   0.815
E F  NP_112420.1          306    0.313  62.792   0.000   0.114   0.036   0.851
E G  NP_112420.1          307    0.263  20.720   0.000   0.073   0.032   0.894
E G  NP_112420.1          308    0.268  21.074   0.000   0.087   0.036   0.877
E G  NP_112420.1          309    0.296  23.266   0.000   0.087   0.027   0.887
E G  NP_112420.1          310    0.299  23.557   0.000   0.127   0.036   0.837
E S  NP_112420.1          311    0.291  34.101   0.000   0.137   0.042   0.821
E Y  NP_112420.1          312    0.319  68.101   0.000   0.204   0.054   0.743
E N  NP_112420.1          313    0.277  40.553   0.000   0.138   0.045   0.817
B D  NP_112420.1          314    0.228  32.879   0.000   0.141   0.042   0.817
B F  NP_112420.1          315    0.235  47.221   0.000   0.087   0.033   0.880
B G  NP_112420.1          316    0.207  16.300   0.000   0.078   0.034   0.888
B N  NP_112420.1          317    0.233  34.138   0.000   0.069   0.029   0.902
E Y  NP_112420.1          318    0.307  65.622   0.000   0.229   0.027   0.744
E N  NP_112420.1          319    0.429  62.803   0.000   0.209   0.020   0.771
E N  NP_112420.1          320    0.318  46.500   0.000   0.281   0.027   0.692
B Q  NP_112420.1          321    0.218  38.896   0.000   0.225   0.061   0.714
E S  NP_112420.1          322    0.257  30.144   0.000   0.233   0.066   0.701
B S  NP_112420.1          323    0.170  19.919   0.000   0.166   0.061   0.773
B N  NP_112420.1          324    0.235  34.415   0.000   0.128   0.047   0.825
B F  NP_112420.1          325    0.204  40.985   0.000   0.088   0.052   0.860
B G  NP_112420.1          326    0.106   8.360   0.000   0.074   0.064   0.862
B P  NP_112420.1          327    0.152  21.503   0.000   0.105   0.054   0.842
B M  NP_112420.1          328    0.181  36.124   0.000   0.102   0.108   0.790
E K  NP_112420.1          329    0.324  66.747   0.000   0.061   0.058   0.881
E G  NP_112420.1          330    0.284  22.323   0.000   0.068   0.032   0.900
E G  NP_112420.1          331    0.269  21.146   0.000   0.088   0.032   0.880
E N  NP_112420.1          332    0.314  46.041   0.000   0.100   0.034   0.866
E F  NP_112420.1          333    0.328  65.901   0.000   0.127   0.035   0.837
E G  NP_112420.1          334    0.296  23.275   0.000   0.093   0.024   0.883
E G  NP_112420.1          335    0.340  26.784   0.000   0.087   0.025   0.888
E R  NP_112420.1          336    0.347  79.415   0.000   0.059   0.045   0.896
E S  NP_112420.1          337    0.338  39.604   0.000   0.052   0.041   0.906
E S  NP_112420.1          338    0.278  32.621   0.000   0.031   0.025   0.944
B G  NP_112420.1          339    0.188  14.781   0.000   0.050   0.049   0.901
E P  NP_112420.1          340    0.332  47.142   0.000   0.103   0.039   0.858
E Y  NP_112420.1          341    0.342  73.084   0.000   0.081   0.047   0.872
E G  NP_112420.1          342    0.344  27.078   0.000   0.090   0.027   0.882
E G  NP_112420.1          343    0.381  30.019   0.000   0.103   0.024   0.873
E G  NP_112420.1          344    0.372  29.294   0.000   0.176   0.019   0.804
E G  NP_112420.1          345    0.373  29.352   0.000   0.191   0.031   0.777
E Q  NP_112420.1          346    0.359  64.050   0.000   0.241   0.046   0.713
E Y  NP_112420.1          347    0.419  89.508   0.000   0.245   0.062   0.693
E F  NP_112420.1          348    0.416  83.527   0.000   0.172   0.051   0.777
E A  NP_112420.1          349    0.302  33.282   0.000   0.097   0.058   0.846
E K  NP_112420.1          350    0.484  99.491   0.000   0.024   0.042   0.933
E P  NP_112420.1          351    0.359  51.010   0.000   0.131   0.046   0.822
E R  NP_112420.1          352    0.403  92.233   0.000   0.176   0.063   0.761
E N  NP_112420.1          353    0.372  54.393   0.000   0.155   0.049   0.796
E Q  NP_112420.1          354    0.317  56.637   0.000   0.065   0.042   0.893
B G  NP_112420.1          355    0.247  19.470   0.000   0.046   0.039   0.915
B G  NP_112420.1          356    0.225  17.721   0.000   0.048   0.041   0.911
E Y  NP_112420.1          357    0.346  73.870   0.000   0.033   0.042   0.925
E G  NP_112420.1          358    0.302  23.777   0.000   0.029   0.025   0.946
E G  NP_112420.1          359    0.302  23.743   0.000   0.040   0.028   0.932
E S  NP_112420.1          360    0.350  40.992   0.000   0.049   0.024   0.927
E S  NP_112420.1          361    0.470  55.103   0.000   0.073   0.016   0.910
E S  NP_112420.1          362    0.390  45.654   0.000   0.106   0.030   0.863
E S  NP_112420.1          363    0.349  40.899   0.000   0.078   0.026   0.896
E S  NP_112420.1          364    0.278  32.562   0.000   0.088   0.032   0.880
E S  NP_112420.1          365    0.264  30.991   0.000   0.100   0.042   0.858
E Y  NP_112420.1          366    0.319  68.204   0.000   0.077   0.047   0.876
E G  NP_112420.1          367    0.269  21.131   0.000   0.100   0.042   0.858
B S  NP_112420.1          368    0.241  28.189   0.000   0.136   0.035   0.829
E G  NP_112420.1          369    0.268  21.125   0.000   0.146   0.048   0.806
E R  NP_112420.1          370    0.297  68.093   0.000   0.134   0.075   0.790
E R  NP_112420.1          371    0.345  79.042   0.000   0.075   0.082   0.842
E F  NP_112420.1          372    0.467  93.788   0.000   0.002   0.001   0.997
