# For publication of results, please cite:
# ...
# ... Michael Schantz Klausen, Martin Closter Jespersen, Henrik Nielsen, Kamilla Kjærgaard Jensen, 
# ... Vanessa Isabell Jurtz, Casper Kaae Sønderby, Morten Otto Alexander Sommer, Ole Winther, 
# ... Morten Nielsen, Bent Petersen, and Paolo Marcatili. 
# ... NetSurfP-2.0: Improved prediction of protein structural features by integrated deep learning.
# ... Proteins: Structure, Function, and Bioinformatics (Feb. 2019).
# ... https://doi.org/10.1002/prot.25674
# ...
#
# Column 1: Class assignment - B for buried or E for Exposed - Threshold: 25% exposure, but not based on RSA
# Column 2: Amino acid
# Column 3: Sequence name
# Column 4: Amino acid number
# Column 5: Relative Surface Accessibility - RSA
# Column 6: Absolute Surface Accessibility
# Column 7: Not used
# Column 8: Probability for Alpha-Helix
# Column 9: Probability for Beta-strand
# Column 10: Probability for Coil
E M  NP_005893.1            1    0.817 163.391   0.000   0.000   0.000   1.000
E S  NP_005893.1            2    0.858 100.533   0.000   0.001   0.001   0.998
E S  NP_005893.1            3    0.701  82.161   0.000   0.003   0.005   0.992
E I  NP_005893.1            4    0.478  88.363   0.000   0.012   0.012   0.976
E L  NP_005893.1            5    0.336  61.471   0.000   0.015   0.008   0.978
E P  NP_005893.1            6    0.573  81.351   0.000   0.019   0.003   0.978
E F  NP_005893.1            7    0.442  88.765   0.000   0.031   0.011   0.959
E T  NP_005893.1            8    0.436  60.518   0.000   0.008   0.005   0.987
E P  NP_005893.1            9    0.288  40.824   0.000   0.076   0.001   0.923
E P  NP_005893.1           10    0.496  70.317   0.000   0.862   0.001   0.137
B I  NP_005893.1           11    0.212  39.173   0.000   0.958   0.002   0.040
B V  NP_005893.1           12    0.058   8.912   0.000   0.972   0.001   0.026
E K  NP_005893.1           13    0.383  78.788   0.000   0.972   0.001   0.027
E R  NP_005893.1           14    0.502 114.977   0.000   0.950   0.002   0.048
B L  NP_005893.1           15    0.207  37.933   0.000   0.852   0.003   0.145
B L  NP_005893.1           16    0.191  34.949   0.000   0.590   0.005   0.405
E G  NP_005893.1           17    0.411  32.317   0.000   0.184   0.011   0.805
E W  NP_005893.1           18    0.315  75.755   0.000   0.086   0.050   0.864
E K  NP_005893.1           19    0.479  98.548   0.000   0.062   0.176   0.762
E K  NP_005893.1           20    0.551 113.293   0.000   0.040   0.133   0.827
E G  NP_005893.1           21    0.548  43.136   0.000   0.041   0.029   0.930
E E  NP_005893.1           22    0.781 136.410   0.000   0.074   0.020   0.906
E Q  NP_005893.1           23    0.598 106.717   0.000   0.092   0.022   0.886
E N  NP_005893.1           24    0.761 111.412   0.000   0.106   0.008   0.886
E G  NP_005893.1           25    0.628  49.390   0.000   0.253   0.004   0.743
E Q  NP_005893.1           26    0.582 103.936   0.000   0.663   0.009   0.328
E E  NP_005893.1           27    0.375  65.462   0.000   0.808   0.008   0.184
E E  NP_005893.1           28    0.408  71.274   0.000   0.724   0.009   0.267
E K  NP_005893.1           29    0.594 122.151   0.000   0.865   0.003   0.132
E W  NP_005893.1           30    0.270  64.900   0.000   0.953   0.002   0.045
B C  NP_005893.1           31    0.026   3.605   0.000   0.993   0.000   0.007
E E  NP_005893.1           32    0.392  68.566   0.000   0.998   0.000   0.001
E K  NP_005893.1           33    0.514 105.659   0.000   0.999   0.000   0.001
B A  NP_005893.1           34    0.052   5.761   0.000   0.999   0.000   0.001
B V  NP_005893.1           35    0.025   3.813   0.000   0.999   0.000   0.001
E K  NP_005893.1           36    0.455  93.522   0.000   0.999   0.000   0.001
E S  NP_005893.1           37    0.299  34.985   0.000   0.998   0.000   0.002
B L  NP_005893.1           38    0.031   5.672   0.000   0.999   0.000   0.001
B V  NP_005893.1           39    0.044   6.758   0.000   0.999   0.000   0.001
E K  NP_005893.1           40    0.487 100.228   0.000   0.999   0.000   0.001
E K  NP_005893.1           41    0.353  72.529   0.000   0.998   0.000   0.002
B L  NP_005893.1           42    0.022   4.096   0.000   0.989   0.000   0.011
E K  NP_005893.1           43    0.492 101.236   0.000   0.981   0.000   0.019
E K  NP_005893.1           44    0.794 163.424   0.000   0.944   0.000   0.056
E T  NP_005893.1           45    0.514  71.309   0.000   0.355   0.000   0.645
E G  NP_005893.1           46    0.595  46.801   0.000   0.006   0.000   0.993
E Q  NP_005893.1           47    0.330  58.952   0.000   0.117   0.004   0.878
B L  NP_005893.1           48    0.160  29.356   0.000   0.988   0.000   0.012
E D  NP_005893.1           49    0.718 103.402   0.000   0.998   0.000   0.002
E E  NP_005893.1           50    0.403  70.477   0.000   0.998   0.000   0.002
B L  NP_005893.1           51    0.008   1.526   0.000   0.999   0.000   0.001
E E  NP_005893.1           52    0.253  44.213   0.000   0.999   0.000   0.001
E K  NP_005893.1           53    0.547 112.597   0.000   0.995   0.000   0.005
B A  NP_005893.1           54    0.028   3.137   0.000   0.992   0.000   0.008
B I  NP_005893.1           55    0.066  12.143   0.000   0.952   0.002   0.045
E T  NP_005893.1           56    0.513  71.180   0.000   0.795   0.005   0.199
E T  NP_005893.1           57    0.323  44.756   0.000   0.342   0.006   0.651
E Q  NP_005893.1           58    0.593 105.823   0.000   0.052   0.006   0.942
E N  NP_005893.1           59    0.615  89.976   0.000   0.017   0.008   0.975
E V  NP_005893.1           60    0.420  64.478   0.000   0.030   0.019   0.951
E N  NP_005893.1           61    0.737 107.859   0.000   0.027   0.020   0.953
B T  NP_005893.1           62    0.125  17.402   0.000   0.012   0.089   0.899
E K  NP_005893.1           63    0.510 104.981   0.000   0.014   0.087   0.899
B C  NP_005893.1           64    0.065   9.060   0.000   0.015   0.382   0.603
B I  NP_005893.1           65    0.048   8.840   0.000   0.015   0.801   0.184
B T  NP_005893.1           66    0.158  21.932   0.000   0.005   0.833   0.162
B I  NP_005893.1           67    0.033   6.182   0.000   0.000   0.627   0.373
E P  NP_005893.1           68    0.269  38.144   0.000   0.001   0.431   0.569
E R  NP_005893.1           69    0.294  67.353   0.000   0.001   0.532   0.467
E S  NP_005893.1           70    0.254  29.817   0.000   0.002   0.069   0.929
E L  NP_005893.1           71    0.693 126.824   0.000   0.009   0.011   0.980
E D  NP_005893.1           72    0.679  97.809   0.000   0.012   0.001   0.987
E G  NP_005893.1           73    0.331  26.089   0.000   0.012   0.002   0.986
E R  NP_005893.1           74    0.362  82.998   0.000   0.007   0.062   0.931
B L  NP_005893.1           75    0.133  24.317   0.000   0.004   0.887   0.109
E Q  NP_005893.1           76    0.264  47.069   0.000   0.010   0.502   0.488
E V  NP_005893.1           77    0.261  40.130   0.000   0.023   0.533   0.444
E S  NP_005893.1           78    0.269  31.550   0.000   0.031   0.133   0.836
E H  NP_005893.1           79    0.510  92.680   0.000   0.021   0.126   0.853
E R  NP_005893.1           80    0.376  85.992   0.000   0.014   0.272   0.714
E K  NP_005893.1           81    0.378  77.851   0.000   0.014   0.313   0.673
B G  NP_005893.1           82    0.071   5.566   0.000   0.047   0.399   0.554
B L  NP_005893.1           83    0.129  23.679   0.000   0.206   0.070   0.724
B P  NP_005893.1           84    0.039   5.570   0.000   0.615   0.065   0.319
B H  NP_005893.1           85    0.059  10.812   0.000   0.750   0.118   0.133
B V  NP_005893.1           86    0.030   4.617   0.000   0.833   0.142   0.025
B I  NP_005893.1           87    0.019   3.463   0.000   0.796   0.189   0.014
B Y  NP_005893.1           88    0.034   7.249   0.000   0.613   0.364   0.023
B C  NP_005893.1           89    0.006   0.864   0.000   0.363   0.617   0.020
B R  NP_005893.1           90    0.162  37.103   0.000   0.196   0.709   0.095
B L  NP_005893.1           91    0.017   3.140   0.000   0.473   0.412   0.115
B W  NP_005893.1           92    0.109  26.152   0.000   0.278   0.438   0.285
B R  NP_005893.1           93    0.172  39.322   0.000   0.146   0.392   0.462
B W  NP_005893.1           94    0.081  19.514   0.000   0.008   0.055   0.936
E P  NP_005893.1           95    0.393  55.724   0.000   0.057   0.005   0.938
E D  NP_005893.1           96    0.517  74.498   0.000   0.038   0.004   0.958
B L  NP_005893.1           97    0.049   9.042   0.000   0.051   0.007   0.942
E H  NP_005893.1           98    0.558 101.522   0.000   0.016   0.002   0.982
E S  NP_005893.1           99    0.444  51.999   0.000   0.045   0.018   0.937
E H  NP_005893.1          100    0.495  90.104   0.000   0.772   0.002   0.226
E H  NP_005893.1          101    0.551 100.149   0.000   0.615   0.011   0.374
E E  NP_005893.1          102    0.279  48.825   0.000   0.633   0.076   0.292
B L  NP_005893.1          103    0.053   9.745   0.000   0.019   0.732   0.249
E R  NP_005893.1          104    0.434  99.280   0.000   0.008   0.909   0.083
E A  NP_005893.1          105    0.309  34.026   0.000   0.006   0.894   0.100
B M  NP_005893.1          106    0.067  13.503   0.000   0.062   0.202   0.736
E E  NP_005893.1          107    0.659 115.053   0.000   0.166   0.094   0.740
E L  NP_005893.1          108    0.270  49.439   0.000   0.133   0.184   0.683
B C  NP_005893.1          109    0.040   5.598   0.000   0.062   0.142   0.797
E E  NP_005893.1          110    0.515  89.942   0.000   0.298   0.051   0.651
B F  NP_005893.1          111    0.238  47.764   0.000   0.293   0.061   0.646
B A  NP_005893.1          112    0.059   6.471   0.000   0.655   0.011   0.334
B F  NP_005893.1          113    0.200  40.184   0.000   0.502   0.012   0.486
E N  NP_005893.1          114    0.572  83.770   0.000   0.351   0.013   0.636
E M  NP_005893.1          115    0.355  70.966   0.000   0.089   0.003   0.907
E K  NP_005893.1          116    0.785 161.423   0.000   0.013   0.002   0.985
E K  NP_005893.1          117    0.424  87.239   0.000   0.031   0.013   0.956
E D  NP_005893.1          118    0.657  94.689   0.000   0.018   0.014   0.968
E E  NP_005893.1          119    0.310  54.116   0.000   0.014   0.662   0.324
B V  NP_005893.1          120    0.034   5.205   0.000   0.001   0.929   0.070
B C  NP_005893.1          121    0.035   4.890   0.000   0.001   0.910   0.090
B V  NP_005893.1          122    0.019   2.902   0.000   0.001   0.796   0.204
B N  NP_005893.1          123    0.048   7.027   0.000   0.000   0.088   0.912
B P  NP_005893.1          124    0.059   8.302   0.000   0.366   0.035   0.598
B Y  NP_005893.1          125    0.226  48.390   0.000   0.311   0.034   0.655
B H  NP_005893.1          126    0.165  30.052   0.000   0.337   0.081   0.582
B Y  NP_005893.1          127    0.064  13.746   0.000   0.005   0.745   0.250
E Q  NP_005893.1          128    0.471  84.193   0.000   0.002   0.914   0.084
E R  NP_005893.1          129    0.312  71.374   0.000   0.002   0.962   0.036
B V  NP_005893.1          130    0.219  33.650   0.000   0.004   0.783   0.213
E E  NP_005893.1          131    0.434  75.898   0.000   0.002   0.702   0.296
E T  NP_005893.1          132    0.437  60.651   0.000   0.001   0.149   0.850
E P  NP_005893.1          133    0.421  59.752   0.000   0.001   0.035   0.964
E V  NP_005893.1          134    0.574  88.254   0.000   0.001   0.034   0.965
B L  NP_005893.1          135    0.246  45.000   0.000   0.001   0.044   0.955
E P  NP_005893.1          136    0.365  51.737   0.000   0.001   0.003   0.996
E P  NP_005893.1          137    0.359  50.987   0.000   0.005   0.016   0.979
E V  NP_005893.1          138    0.338  52.015   0.000   0.008   0.193   0.799
E L  NP_005893.1          139    0.310  56.794   0.000   0.005   0.207   0.788
B V  NP_005893.1          140    0.211  32.356   0.000   0.002   0.278   0.720
E P  NP_005893.1          141    0.398  56.427   0.000   0.006   0.150   0.844
E R  NP_005893.1          142    0.567 129.818   0.000   0.021   0.034   0.946
E H  NP_005893.1          143    0.608 110.669   0.000   0.031   0.018   0.951
E T  NP_005893.1          144    0.381  52.814   0.000   0.051   0.018   0.931
E E  NP_005893.1          145    0.797 139.288   0.000   0.031   0.016   0.953
E I  NP_005893.1          146    0.277  51.277   0.000   0.004   0.006   0.990
E P  NP_005893.1          147    0.413  58.651   0.000   0.012   0.003   0.985
E A  NP_005893.1          148    0.818  90.171   0.000   0.076   0.002   0.922
E E  NP_005893.1          149    0.723 126.381   0.000   0.063   0.011   0.926
B F  NP_005893.1          150    0.246  49.384   0.000   0.006   0.012   0.982
E P  NP_005893.1          151    0.461  65.345   0.000   0.007   0.002   0.991
E P  NP_005893.1          152    0.496  70.340   0.000   0.020   0.022   0.958
E L  NP_005893.1          153    0.379  69.369   0.000   0.169   0.017   0.814
E D  NP_005893.1          154    0.734 105.763   0.000   0.167   0.009   0.824
E D  NP_005893.1          155    0.667  96.159   0.000   0.172   0.012   0.816
E Y  NP_005893.1          156    0.351  75.020   0.000   0.102   0.017   0.881
E S  NP_005893.1          157    0.637  74.670   0.000   0.115   0.023   0.861
E H  NP_005893.1          158    0.588 106.993   0.000   0.093   0.016   0.890
E S  NP_005893.1          159    0.587  68.738   0.000   0.053   0.024   0.923
E I  NP_005893.1          160    0.301  55.693   0.000   0.003   0.013   0.984
E P  NP_005893.1          161    0.376  53.380   0.000   0.008   0.007   0.986
E E  NP_005893.1          162    0.786 137.241   0.000   0.028   0.013   0.959
E N  NP_005893.1          163    0.660  96.631   0.000   0.018   0.007   0.975
E T  NP_005893.1          164    0.316  43.888   0.000   0.017   0.035   0.948
E N  NP_005893.1          165    0.730 106.911   0.000   0.006   0.045   0.949
E F  NP_005893.1          166    0.271  54.371   0.000   0.002   0.013   0.985
E P  NP_005893.1          167    0.424  60.192   0.000   0.008   0.006   0.986
E A  NP_005893.1          168    0.844  93.022   0.000   0.010   0.003   0.987
E G  NP_005893.1          169    0.807  63.534   0.000   0.005   0.002   0.993
E I  NP_005893.1          170    0.343  63.448   0.000   0.004   0.013   0.983
E E  NP_005893.1          171    0.719 125.680   0.000   0.001   0.020   0.979
E P  NP_005893.1          172    0.520  73.759   0.000   0.009   0.019   0.972
E Q  NP_005893.1          173    0.557  99.504   0.000   0.012   0.031   0.957
E S  NP_005893.1          174    0.557  65.267   0.000   0.029   0.025   0.947
E N  NP_005893.1          175    0.736 107.821   0.000   0.015   0.007   0.978
E I  NP_005893.1          176    0.365  67.506   0.000   0.002   0.009   0.990
E P  NP_005893.1          177    0.452  64.184   0.000   0.003   0.005   0.992
E E  NP_005893.1          178    0.819 142.993   0.000   0.006   0.009   0.986
E T  NP_005893.1          179    0.542  75.170   0.000   0.000   0.010   0.990
E P  NP_005893.1          180    0.450  63.869   0.000   0.000   0.001   0.999
E P  NP_005893.1          181    0.472  67.012   0.000   0.001   0.000   0.999
E P  NP_005893.1          182    0.695  98.603   0.000   0.010   0.001   0.989
E G  NP_005893.1          183    0.641  50.453   0.000   0.009   0.004   0.987
E Y  NP_005893.1          184    0.465  99.276   0.000   0.017   0.031   0.952
E L  NP_005893.1          185    0.568 103.936   0.000   0.007   0.017   0.976
E S  NP_005893.1          186    0.602  70.516   0.000   0.003   0.009   0.988
E E  NP_005893.1          187    0.815 142.330   0.000   0.003   0.002   0.995
E D  NP_005893.1          188    0.838 120.697   0.000   0.001   0.000   0.999
E G  NP_005893.1          189    0.663  52.177   0.000   0.001   0.000   0.999
E E  NP_005893.1          190    0.712 124.386   0.000   0.001   0.000   0.999
E T  NP_005893.1          191    0.689  95.579   0.000   0.001   0.003   0.997
E S  NP_005893.1          192    0.660  77.327   0.000   0.001   0.001   0.998
E D  NP_005893.1          193    0.754 108.593   0.000   0.003   0.000   0.996
E H  NP_005893.1          194    0.683 124.285   0.000   0.002   0.000   0.998
E Q  NP_005893.1          195    0.681 121.542   0.000   0.002   0.001   0.998
E M  NP_005893.1          196    0.607 121.403   0.000   0.002   0.001   0.998
E N  NP_005893.1          197    0.697 102.086   0.000   0.002   0.001   0.997
E H  NP_005893.1          198    0.696 126.613   0.000   0.001   0.000   0.998
E S  NP_005893.1          199    0.635  74.378   0.000   0.002   0.001   0.997
E M  NP_005893.1          200    0.608 121.610   0.000   0.002   0.001   0.998
E D  NP_005893.1          201    0.700 100.819   0.000   0.004   0.002   0.994
E A  NP_005893.1          202    0.652  71.876   0.000   0.001   0.000   0.998
E G  NP_005893.1          203    0.682  53.688   0.000   0.000   0.000   0.999
E S  NP_005893.1          204    0.574  67.242   0.000   0.000   0.001   0.999
E P  NP_005893.1          205    0.677  96.110   0.000   0.002   0.001   0.997
E N  NP_005893.1          206    0.757 110.864   0.000   0.002   0.002   0.996
E L  NP_005893.1          207    0.544  99.681   0.000   0.003   0.005   0.991
E S  NP_005893.1          208    0.582  68.217   0.000   0.000   0.005   0.995
E P  NP_005893.1          209    0.606  86.045   0.000   0.001   0.005   0.994
E N  NP_005893.1          210    0.613  89.681   0.000   0.000   0.004   0.995
E P  NP_005893.1          211    0.590  83.755   0.000   0.001   0.003   0.996
E M  NP_005893.1          212    0.539 107.774   0.000   0.001   0.004   0.994
E S  NP_005893.1          213    0.502  58.893   0.000   0.001   0.007   0.992
E P  NP_005893.1          214    0.627  88.933   0.000   0.014   0.005   0.981
E A  NP_005893.1          215    0.608  67.051   0.000   0.018   0.005   0.976
E H  NP_005893.1          216    0.620 112.846   0.000   0.026   0.015   0.959
E N  NP_005893.1          217    0.655  95.851   0.000   0.033   0.012   0.955
E N  NP_005893.1          218    0.743 108.808   0.000   0.032   0.017   0.951
E L  NP_005893.1          219    0.511  93.528   0.000   0.036   0.044   0.920
E D  NP_005893.1          220    0.713 102.712   0.000   0.038   0.076   0.886
E L  NP_005893.1          221    0.327  59.936   0.000   0.012   0.138   0.850
E Q  NP_005893.1          222    0.631 112.667   0.000   0.003   0.302   0.695
E P  NP_005893.1          223    0.555  78.775   0.000   0.004   0.352   0.644
E V  NP_005893.1          224    0.260  39.898   0.000   0.008   0.173   0.820
E T  NP_005893.1          225    0.660  91.555   0.000   0.016   0.231   0.753
E Y  NP_005893.1          226    0.358  76.456   0.000   0.010   0.242   0.749
E C  NP_005893.1          227    0.513  72.059   0.000   0.006   0.161   0.833
E E  NP_005893.1          228    0.482  84.286   0.000   0.004   0.051   0.945
E P  NP_005893.1          229    0.400  56.702   0.000   0.080   0.045   0.874
E A  NP_005893.1          230    0.488  53.765   0.000   0.126   0.045   0.829
B F  NP_005893.1          231    0.220  44.158   0.000   0.113   0.269   0.618
B W  NP_005893.1          232    0.094  22.691   0.000   0.020   0.574   0.406
B C  NP_005893.1          233    0.007   1.023   0.000   0.002   0.935   0.062
B S  NP_005893.1          234    0.092  10.739   0.000   0.000   0.989   0.011
B I  NP_005893.1          235    0.008   1.405   0.000   0.000   0.997   0.003
B S  NP_005893.1          236    0.031   3.604   0.000   0.001   0.997   0.002
B Y  NP_005893.1          237    0.034   7.163   0.000   0.001   0.998   0.001
B Y  NP_005893.1          238    0.055  11.663   0.000   0.002   0.993   0.006
B E  NP_005893.1          239    0.087  15.190   0.000   0.001   0.959   0.040
B L  NP_005893.1          240    0.214  39.132   0.000   0.005   0.112   0.882
E N  NP_005893.1          241    0.457  66.880   0.000   0.002   0.158   0.840
E Q  NP_005893.1          242    0.484  86.507   0.000   0.001   0.836   0.164
E R  NP_005893.1          243    0.341  78.111   0.000   0.000   0.921   0.078
B V  NP_005893.1          244    0.178  27.404   0.000   0.000   0.645   0.354
B G  NP_005893.1          245    0.162  12.764   0.000   0.000   0.806   0.193
E E  NP_005893.1          246    0.553  96.597   0.000   0.000   0.826   0.174
E T  NP_005893.1          247    0.321  44.588   0.000   0.001   0.886   0.113
B F  NP_005893.1          248    0.128  25.787   0.000   0.000   0.991   0.009
E H  NP_005893.1          249    0.559 101.702   0.000   0.000   0.970   0.030
B A  NP_005893.1          250    0.024   2.673   0.000   0.001   0.385   0.614
E S  NP_005893.1          251    0.586  68.727   0.000   0.001   0.093   0.906
E Q  NP_005893.1          252    0.455  81.184   0.000   0.001   0.043   0.957
E P  NP_005893.1          253    0.371  52.591   0.000   0.001   0.051   0.948
B S  NP_005893.1          254    0.159  18.622   0.000   0.000   0.888   0.112
B M  NP_005893.1          255    0.024   4.761   0.000   0.000   0.980   0.019
B T  NP_005893.1          256    0.191  26.514   0.000   0.000   0.990   0.010
B V  NP_005893.1          257    0.011   1.762   0.000   0.000   0.976   0.024
B D  NP_005893.1          258    0.234  33.711   0.000   0.001   0.665   0.334
B G  NP_005893.1          259    0.062   4.910   0.000   0.002   0.314   0.684
B F  NP_005893.1          260    0.134  26.913   0.000   0.003   0.525   0.472
E T  NP_005893.1          261    0.270  37.477   0.000   0.003   0.413   0.583
E D  NP_005893.1          262    0.288  41.443   0.000   0.001   0.181   0.818
E P  NP_005893.1          263    0.378  53.623   0.000   0.078   0.007   0.915
E S  NP_005893.1          264    0.532  62.349   0.000   0.104   0.007   0.889
E N  NP_005893.1          265    0.495  72.461   0.000   0.086   0.064   0.849
E S  NP_005893.1          266    0.302  35.358   0.000   0.039   0.040   0.921
E E  NP_005893.1          267    0.526  91.902   0.000   0.028   0.057   0.916
B R  NP_005893.1          268    0.235  53.803   0.000   0.018   0.567   0.416
B F  NP_005893.1          269    0.028   5.656   0.000   0.001   0.915   0.084
B C  NP_005893.1          270    0.022   3.035   0.000   0.001   0.921   0.078
B L  NP_005893.1          271    0.014   2.486   0.000   0.279   0.330   0.391
B G  NP_005893.1          272    0.068   5.368   0.000   0.371   0.348   0.282
B L  NP_005893.1          273    0.176  32.148   0.000   0.362   0.255   0.383
B L  NP_005893.1          274    0.048   8.787   0.000   0.072   0.257   0.671
E S  NP_005893.1          275    0.306  35.842   0.000   0.049   0.100   0.850
B N  NP_005893.1          276    0.240  35.107   0.000   0.040   0.046   0.913
E V  NP_005893.1          277    0.396  60.929   0.000   0.075   0.012   0.913
E N  NP_005893.1          278    0.537  78.581   0.000   0.068   0.006   0.927
E R  NP_005893.1          279    0.331  75.906   0.000   0.044   0.006   0.950
E N  NP_005893.1          280    0.481  70.411   0.000   0.136   0.001   0.863
E A  NP_005893.1          281    0.681  75.062   0.000   0.983   0.000   0.017
E A  NP_005893.1          282    0.280  30.820   0.000   0.990   0.000   0.010
B V  NP_005893.1          283    0.039   5.931   0.000   0.995   0.000   0.005
E E  NP_005893.1          284    0.443  77.317   0.000   0.997   0.000   0.003
E L  NP_005893.1          285    0.393  72.040   0.000   0.996   0.000   0.004
B T  NP_005893.1          286    0.024   3.360   0.000   0.995   0.000   0.005
B R  NP_005893.1          287    0.217  49.678   0.000   0.989   0.000   0.010
E R  NP_005893.1          288    0.550 125.888   0.000   0.920   0.000   0.080
E H  NP_005893.1          289    0.290  52.725   0.000   0.792   0.002   0.207
B I  NP_005893.1          290    0.047   8.652   0.000   0.576   0.049   0.376
B G  NP_005893.1          291    0.153  12.004   0.000   0.143   0.030   0.827
E R  NP_005893.1          292    0.499 114.182   0.000   0.089   0.083   0.829
B G  NP_005893.1          293    0.075   5.869   0.000   0.032   0.183   0.786
B V  NP_005893.1          294    0.020   3.091   0.000   0.000   0.912   0.087
E R  NP_005893.1          295    0.337  77.139   0.000   0.000   0.991   0.009
B L  NP_005893.1          296    0.039   7.069   0.000   0.000   0.995   0.005
E Y  NP_005893.1          297    0.277  59.154   0.000   0.000   0.997   0.003
E Y  NP_005893.1          298    0.260  55.658   0.000   0.000   0.992   0.008
E I  NP_005893.1          299    0.328  60.605   0.000   0.002   0.947   0.051
E G  NP_005893.1          300    0.841  66.191   0.000   0.008   0.005   0.987
E G  NP_005893.1          301    0.613  48.274   0.000   0.009   0.001   0.990
E E  NP_005893.1          302    0.415  72.437   0.000   0.001   0.914   0.086
B V  NP_005893.1          303    0.032   4.979   0.000   0.000   0.987   0.013
B F  NP_005893.1          304    0.090  17.988   0.000   0.000   0.996   0.004
B A  NP_005893.1          305    0.003   0.377   0.000   0.000   0.998   0.002
B E  NP_005893.1          306    0.212  36.950   0.000   0.000   0.996   0.004
B C  NP_005893.1          307    0.026   3.582   0.000   0.000   0.963   0.037
B L  NP_005893.1          308    0.248  45.459   0.000   0.004   0.142   0.854
B S  NP_005893.1          309    0.043   5.096   0.000   0.001   0.071   0.928
E D  NP_005893.1          310    0.730 105.162   0.000   0.000   0.003   0.997
B S  NP_005893.1          311    0.159  18.577   0.000   0.000   0.030   0.969
B A  NP_005893.1          312    0.048   5.328   0.000   0.000   0.207   0.792
B I  NP_005893.1          313    0.006   1.033   0.000   0.000   0.973   0.027
B F  NP_005893.1          314    0.040   8.049   0.000   0.000   0.983   0.017
B V  NP_005893.1          315    0.005   0.707   0.000   0.000   0.983   0.017
B Q  NP_005893.1          316    0.118  21.048   0.000   0.001   0.884   0.115
B S  NP_005893.1          317    0.011   1.310   0.000   0.005   0.214   0.781
B P  NP_005893.1          318    0.158  22.438   0.000   0.522   0.016   0.462
B N  NP_005893.1          319    0.212  31.001   0.000   0.402   0.022   0.576
B C  NP_005893.1          320    0.025   3.529   0.000   0.812   0.013   0.174
B N  NP_005893.1          321    0.080  11.746   0.000   0.762   0.026   0.212
E Q  NP_005893.1          322    0.526  93.884   0.000   0.785   0.011   0.204
E R  NP_005893.1          323    0.624 142.823   0.000   0.680   0.017   0.302
E Y  NP_005893.1          324    0.409  87.323   0.000   0.513   0.010   0.477
E G  NP_005893.1          325    0.574  45.191   0.000   0.015   0.017   0.968
B W  NP_005893.1          326    0.218  52.316   0.000   0.007   0.121   0.872
E H  NP_005893.1          327    0.453  82.460   0.000   0.003   0.027   0.970
E P  NP_005893.1          328    0.268  38.047   0.000   0.439   0.035   0.527
E A  NP_005893.1          329    0.457  50.323   0.000   0.446   0.044   0.510
B T  NP_005893.1          330    0.224  31.023   0.000   0.479   0.113   0.409
B V  NP_005893.1          331    0.068  10.455   0.000   0.008   0.769   0.223
B C  NP_005893.1          332    0.113  15.916   0.000   0.003   0.978   0.019
E K  NP_005893.1          333    0.292  60.099   0.000   0.000   0.993   0.006
B I  NP_005893.1          334    0.020   3.622   0.000   0.000   0.908   0.092
B P  NP_005893.1          335    0.214  30.350   0.000   0.000   0.017   0.983
E P  NP_005893.1          336    0.378  53.591   0.000   0.004   0.010   0.987
E G  NP_005893.1          337    0.347  27.285   0.000   0.003   0.015   0.982
B C  NP_005893.1          338    0.072  10.043   0.000   0.002   0.329   0.669
B N  NP_005893.1          339    0.109  15.954   0.000   0.000   0.954   0.046
B L  NP_005893.1          340    0.008   1.541   0.000   0.000   0.997   0.003
B K  NP_005893.1          341    0.083  17.172   0.000   0.000   0.999   0.001
B I  NP_005893.1          342    0.007   1.296   0.000   0.000   0.994   0.006
B F  NP_005893.1          343    0.067  13.388   0.000   0.000   0.845   0.155
B N  NP_005893.1          344    0.241  35.213   0.000   0.001   0.450   0.549
B N  NP_005893.1          345    0.245  35.907   0.000   0.886   0.001   0.112
E Q  NP_005893.1          346    0.662 118.319   0.000   0.959   0.001   0.040
E E  NP_005893.1          347    0.437  76.394   0.000   0.972   0.001   0.027
B F  NP_005893.1          348    0.045   8.999   0.000   0.985   0.000   0.015
E A  NP_005893.1          349    0.295  32.556   0.000   0.995   0.000   0.005
E A  NP_005893.1          350    0.515  56.703   0.000   0.992   0.000   0.008
B L  NP_005893.1          351    0.171  31.244   0.000   0.990   0.000   0.010
B L  NP_005893.1          352    0.099  18.061   0.000   0.979   0.000   0.021
E A  NP_005893.1          353    0.444  48.964   0.000   0.963   0.000   0.037
E Q  NP_005893.1          354    0.514  91.837   0.000   0.932   0.000   0.067
B S  NP_005893.1          355    0.091  10.686   0.000   0.934   0.001   0.066
E V  NP_005893.1          356    0.376  57.752   0.000   0.869   0.004   0.127
E N  NP_005893.1          357    0.784 114.771   0.000   0.849   0.002   0.149
E Q  NP_005893.1          358    0.580 103.659   0.000   0.512   0.002   0.486
E G  NP_005893.1          359    0.445  35.007   0.000   0.159   0.002   0.839
E F  NP_005893.1          360    0.412  82.758   0.000   0.393   0.014   0.593
E E  NP_005893.1          361    0.738 129.014   0.000   0.655   0.006   0.339
B A  NP_005893.1          362    0.215  23.687   0.000   0.721   0.007   0.272
B V  NP_005893.1          363    0.138  21.216   0.000   0.825   0.020   0.155
E Y  NP_005893.1          364    0.406  86.714   0.000   0.850   0.015   0.135
E Q  NP_005893.1          365    0.458  81.780   0.000   0.888   0.006   0.106
B L  NP_005893.1          366    0.057  10.426   0.000   0.869   0.008   0.124
E T  NP_005893.1          367    0.262  36.368   0.000   0.791   0.021   0.187
E R  NP_005893.1          368    0.405  92.765   0.000   0.640   0.042   0.318
B M  NP_005893.1          369    0.149  29.862   0.000   0.250   0.150   0.599
B C  NP_005893.1          370    0.033   4.599   0.000   0.030   0.469   0.501
B T  NP_005893.1          371    0.045   6.261   0.000   0.001   0.946   0.053
B I  NP_005893.1          372    0.009   1.583   0.000   0.000   0.995   0.005
B R  NP_005893.1          373    0.106  24.250   0.000   0.000   0.998   0.002
B M  NP_005893.1          374    0.007   1.420   0.000   0.000   0.996   0.004
B S  NP_005893.1          375    0.031   3.630   0.000   0.001   0.980   0.020
B F  NP_005893.1          376    0.038   7.644   0.000   0.001   0.923   0.077
B V  NP_005893.1          377    0.050   7.739   0.000   0.002   0.861   0.137
B K  NP_005893.1          378    0.236  48.559   0.000   0.008   0.586   0.406
B G  NP_005893.1          379    0.231  18.184   0.000   0.009   0.108   0.883
B W  NP_005893.1          380    0.225  54.077   0.000   0.017   0.135   0.848
E G  NP_005893.1          381    0.333  26.232   0.000   0.061   0.014   0.924
E A  NP_005893.1          382    0.682  75.194   0.000   0.061   0.002   0.936
E E  NP_005893.1          383    0.785 137.054   0.000   0.059   0.002   0.939
B Y  NP_005893.1          384    0.183  39.134   0.000   0.035   0.017   0.948
E R  NP_005893.1          385    0.704 161.150   0.000   0.012   0.018   0.970
E R  NP_005893.1          386    0.342  78.283   0.000   0.067   0.027   0.906
E Q  NP_005893.1          387    0.540  96.373   0.000   0.155   0.021   0.824
E T  NP_005893.1          388    0.339  47.060   0.000   0.238   0.088   0.674
B V  NP_005893.1          389    0.044   6.705   0.000   0.840   0.009   0.152
E T  NP_005893.1          390    0.265  36.769   0.000   0.834   0.006   0.159
E S  NP_005893.1          391    0.512  59.964   0.000   0.699   0.006   0.295
B T  NP_005893.1          392    0.041   5.713   0.000   0.001   0.006   0.993
B P  NP_005893.1          393    0.199  28.199   0.000   0.002   0.070   0.929
B C  NP_005893.1          394    0.011   1.509   0.000   0.000   0.897   0.103
B W  NP_005893.1          395    0.083  20.064   0.000   0.000   0.987   0.013
B I  NP_005893.1          396    0.005   0.928   0.000   0.000   0.999   0.001
B E  NP_005893.1          397    0.052   9.137   0.000   0.000   0.999   0.000
B L  NP_005893.1          398    0.008   1.392   0.000   0.000   0.997   0.003
B H  NP_005893.1          399    0.125  22.735   0.000   0.000   0.986   0.013
B L  NP_005893.1          400    0.038   6.878   0.000   0.029   0.644   0.328
B N  NP_005893.1          401    0.170  24.841   0.000   0.318   0.089   0.593
B G  NP_005893.1          402    0.154  12.095   0.000   0.932   0.002   0.066
B P  NP_005893.1          403    0.053   7.451   0.000   0.954   0.003   0.043
B L  NP_005893.1          404    0.052   9.461   0.000   0.967   0.003   0.030
E Q  NP_005893.1          405    0.459  81.931   0.000   0.987   0.001   0.012
B W  NP_005893.1          406    0.123  29.662   0.000   0.987   0.002   0.011
B L  NP_005893.1          407    0.027   5.034   0.000   0.993   0.000   0.007
E D  NP_005893.1          408    0.297  42.770   0.000   0.997   0.000   0.003
E K  NP_005893.1          409    0.489 100.635   0.000   0.995   0.000   0.005
B V  NP_005893.1          410    0.072  10.992   0.000   0.995   0.000   0.004
B L  NP_005893.1          411    0.082  15.053   0.000   0.977   0.000   0.022
E T  NP_005893.1          412    0.594  82.344   0.000   0.901   0.001   0.099
E Q  NP_005893.1          413    0.600 107.170   0.000   0.714   0.001   0.285
B M  NP_005893.1          414    0.192  38.394   0.000   0.322   0.004   0.673
E G  NP_005893.1          415    0.529  41.658   0.000   0.016   0.009   0.975
E S  NP_005893.1          416    0.310  36.310   0.000   0.003   0.007   0.990
E P  NP_005893.1          417    0.404  57.324   0.000   0.042   0.010   0.949
E S  NP_005893.1          418    0.676  79.283   0.000   0.068   0.031   0.902
E I  NP_005893.1          419    0.356  65.937   0.000   0.051   0.069   0.881
E R  NP_005893.1          420    0.603 138.193   0.000   0.036   0.203   0.761
B C  NP_005893.1          421    0.237  33.316   0.000   0.039   0.163   0.798
E S  NP_005893.1          422    0.489  57.351   0.000   0.048   0.191   0.761
E S  NP_005893.1          423    0.467  54.760   0.000   0.048   0.240   0.712
E V  NP_005893.1          424    0.401  61.560   0.000   0.024   0.180   0.796
E S  NP_005893.1          425    0.829  97.108   0.000   0.000   0.001   0.999
